0
1
2
3
4
5
6
7
8
9
10
11
12
13
14
0
1
2
3
4
5
6
7
8
9
10
11
12
13
14
0
1
2
3
4
5
6
7
8
9
10
11
12
13
14
0
1
2
3
4
5
6
7
8
9
10
11
12
13
14
0
1
2
3
4
5
6
7
8
9
10
11
12
13
14
0
1
2
3
4
5
6
7
8
9
10
11
12
13
14
0
1
2
3
4
5
6
7
8
9
10
11
12
13
14
0
1
2
3
4
5
6
7
8
9
10
11
12
13
14
0
1
2
3
4
5
6
7
8
9
10
11
12
13
14
0
1
15
16
17
18
19
20
21
22
23
24
0
1
15
16
17
18
19
20
21
22
23
24
0
1
15
16
17
18
19
20
21
22
23
24
0
1
15
16
17
18
19
20
21
22
23
24
0
1
15
16
17
18
19
20
21
22
23
24
0
1
15
16
17
18
19
20
21
22
23
24
0
1
15
16
17
18
19
20
21
22
23
24
0
1
15
16
17
18
19
20
21
22
23
24
0
1
15
16
17
18
19
20
21
22
23
24
0
1
15
16
17
18
19
20
21
22
23
24
0
1
15
16
17
18
19
20
21
22
23
24
0
1
15
16
17
18
19
20
21
22
23
24
0
1
15
16
17
18
19
20
21
22
23
24
0
1
15
16
17
18
19
20
21
22
23
24
0
1
15
16
17
18
19
20
21
22
23
24
0
1
15
16
17
18
19
20
21
22
23
24
0
1
15
16
17
18
19
20
21
22
23
24
0
1
15
16
17
18
19
20
21
22
23
24
0
1
15
16
17
18
19
20
21
22
23
24
0
1
15
16
17
18
19
20
21
22
23
24
0
1
15
16
17
18
19
20
21
22
23
24
0
1
15
16
17
18
19
20
21
22
23
24
0
1
15
16
17
18
19
20
21
22
23
24
0
1
15
16
17
18
19
20
21
22
23
24
0
1
15
16
17
18
19
20
21
22
23
24
0
1
15
16
17
18
19
20
21
22
23
24
0
1
15
16
17
18
19
20
21
22
23
24
0
1
15
16
17
18
19
20
21
22
23
24
0
1
15
16
17
18
19
20
21
22
23
24
0
1
15
16
17
18
19
20
21
22
23
24
0
1
15
16
17
18
19
20
21
22
23
24
0
1
15
16
17
18
19
20
21
22
23
24
0
1
15
16
17
18
19
20
21
22
23
24
0
1
25
26
27
28
29
30
22
31
32
33
2
34
3
35
36
37
38
39
40
41
8
42
43
44
45
46
24
47
48
49
50
51
6
18
52
53
54
55
56
5
57
58
59
60
61
62
63
64
65
66
67
68
69
70
71
72
73
74
75
76
77
78
79
80
81
82
83
84
85
86
14
87
88
89
90
91
92
93
94
95
96
12
97
98
99
100
101
102
103
104
11
13
105
106
107
108
109
110
111
112
113
114
115
116
20
117
118
119
120
121
122
123
0
1
25
26
27
28
29
30
22
31
32
33
2
34
3
35
36
37
38
39
40
41
8
42
43
44
45
46
24
47
48
49
50
51
6
18
52
53
54
55
56
5
57
58
124
60
61
62
63
64
65
66
67
68
69
70
71
72
73
74
125
76
77
78
79
80
81
82
83
84
85
86
14
87
88
89
90
91
126
93
94
95
96
12
97
98
99
100
101
102
103
104
105
106
109
11
111
110
108
13
114
112
113
117
115
116
20
118
127
119
120
122
123
0
1
25
26
27
28
29
30
22
31
32
33
2
34
3
35
36
37
38
39
40
41
8
42
43
44
45
46
24
47
48
49
50
51
6
18
52
53
54
55
56
5
57
58
59
60
61
62
63
64
65
66
67
68
69
70
71
72
73
74
75
76
77
78
79
80
81
82
83
84
85
86
14
87
88
89
90
91
92
93
94
95
96
12
97
98
99
100
101
102
103
104
13
11
109
110
106
105
111
108
114
112
113
115
116
20
117
118
120
119
121
123
122
0
1
25
26
27
28
29
30
22
31
32
33
2
34
3
35
36
37
38
39
40
41
8
42
43
44
45
46
24
47
48
49
50
51
6
18
52
53
54
55
56
5
57
58
124
60
61
62
63
64
65
66
67
68
69
70
71
72
73
74
125
76
77
78
79
80
81
82
83
84
85
86
14
87
88
89
90
91
126
93
94
95
96
12
97
98
99
100
101
102
103
104
107
11
13
108
105
111
110
106
109
114
128
112
113
115
116
20
117
118
119
127
120
123
122
0
1
25
26
27
28
29
30
22
31
32
33
2
34
3
35
36
37
38
39
40
41
8
42
43
44
45
46
24
48
49
50
51
6
18
52
53
54
55
56
5
57
58
124
60
61
62
63
64
65
66
67
68
69
70
71
72
73
74
125
76
77
78
79
80
81
82
83
84
85
86
14
87
88
89
90
91
126
93
94
95
96
12
97
98
99
100
101
102
103
104
107
13
108
105
106
111
109
11
110
114
112
113
116
117
20
115
118
119
120
127
123
122
0
1
25
26
27
28
29
30
22
31
32
33
2
34
3
35
36
37
38
39
40
41
8
42
43
44
45
46
24
48
49
50
51
6
18
52
53
54
55
56
5
57
58
124
60
61
62
63
64
65
66
67
68
69
70
71
72
73
74
125
76
77
78
79
80
81
82
83
84
85
86
14
87
88
89
90
91
126
93
94
95
96
12
97
98
99
100
101
102
103
104
107
13
108
105
106
111
109
11
110
114
112
113
116
117
20
115
118
119
120
127
123
122
0
1
25
26
27
28
29
30
22
31
32
33
2
34
3
35
36
37
38
39
40
41
8
42
43
44
45
46
24
47
48
49
50
51
6
18
52
53
54
55
56
5
57
58
59
60
61
62
63
64
65
66
67
68
69
70
71
72
73
74
75
76
77
78
79
80
81
82
83
84
85
86
14
87
88
89
90
91
92
93
94
95
96
12
97
98
99
100
101
102
103
104
11
13
105
106
107
108
109
110
111
112
113
114
115
116
20
117
118
119
120
121
122
123
0
1
25
26
27
28
29
30
22
31
32
33
2
34
3
35
36
37
38
39
40
41
8
42
43
44
45
46
24
47
48
49
50
51
6
18
52
53
54
55
56
5
57
58
124
60
61
62
63
64
65
66
67
68
69
70
71
72
73
74
125
76
77
78
79
80
81
82
83
84
85
86
14
87
88
89
90
91
126
93
94
95
96
12
97
98
99
100
101
102
103
104
105
106
109
11
111
110
108
13
114
112
113
117
115
116
20
118
127
119
120
122
123
0
1
25
26
27
28
29
30
22
31
32
33
2
34
3
35
36
37
38
39
40
41
8
42
43
44
45
46
24
47
48
49
50
51
6
18
52
53
54
55
56
5
57
58
59
60
61
62
63
64
65
66
67
68
69
70
71
72
73
74
75
76
77
78
79
80
81
82
83
84
85
86
14
87
88
89
90
91
92
93
94
95
96
12
97
98
99
100
101
102
103
104
13
11
109
110
106
105
111
108
114
112
113
115
116
20
117
118
120
119
121
123
122
0
1
25
26
27
28
29
30
22
31
32
33
2
34
3
35
36
37
38
39
40
41
8
42
43
44
45
46
24
47
48
49
50
51
6
18
52
53
54
55
56
5
57
58
59
60
61
62
63
64
65
66
67
68
69
70
71
72
73
74
75
76
77
78
79
80
81
82
83
84
85
86
14
87
88
89
90
91
92
93
94
95
96
12
97
98
99
100
101
102
103
104
107
13
105
106
111
11
110
108
109
114
112
113
116
20
117
115
118
119
121
120
122
123
0
1
25
26
27
28
29
30
22
31
32
33
2
34
3
35
36
37
38
39
40
41
8
42
43
44
45
46
24
48
49
50
51
6
18
52
53
54
55
56
5
57
58
124
60
61
62
63
64
65
66
67
68
69
70
71
72
73
74
125
76
77
78
79
80
81
82
83
84
85
86
14
87
88
89
90
91
126
93
94
95
96
12
97
98
99
100
101
102
103
104
107
13
108
105
106
111
109
11
110
114
112
113
116
117
20
115
118
119
120
127
123
122
0
1
25
26
27
28
29
30
22
31
32
33
2
34
3
35
36
37
38
39
40
41
8
42
43
44
45
46
24
47
48
49
50
51
6
18
52
53
54
55
56
5
57
58
59
60
61
62
63
64
65
66
67
68
69
70
71
72
73
74
75
76
77
78
79
80
81
82
83
84
85
86
14
87
88
89
90
91
92
93
94
95
96
12
97
98
99
100
101
102
103
104
11
13
105
106
107
108
109
110
111
112
113
114
115
116
20
117
118
119
120
121
122
123
0
1
25
26
27
28
29
30
22
31
32
33
2
34
3
35
36
37
38
39
40
41
8
42
43
44
45
46
24
47
48
49
50
51
6
18
52
53
54
55
56
5
57
58
124
60
61
62
63
64
65
66
67
68
69
70
71
72
73
74
125
76
77
78
79
80
81
82
83
84
85
86
14
87
88
89
90
91
126
93
94
95
96
12
97
98
99
100
101
102
103
104
105
106
109
11
111
110
108
13
114
112
113
117
115
116
20
118
127
119
120
122
123
0
1
25
26
27
28
29
30
22
31
32
33
2
34
3
35
36
37
38
39
40
41
8
42
43
44
45
46
24
47
48
49
50
51
6
18
52
53
54
55
56
5
57
58
59
60
61
62
63
64
65
66
67
68
69
70
71
72
73
74
75
76
77
78
79
80
81
82
83
84
85
86
14
87
88
89
90
91
92
93
94
95
96
12
97
98
99
100
101
102
103
104
13
11
109
110
106
105
111
108
114
112
113
115
116
20
117
118
120
119
121
123
122
0
1
25
26
27
28
29
30
22
31
32
33
2
34
3
35
36
37
38
39
40
41
8
42
43
44
45
46
24
47
48
49
50
51
6
18
52
53
54
55
56
5
57
58
124
60
61
62
63
64
65
66
67
68
69
70
71
72
73
74
125
76
77
78
79
80
81
82
83
84
85
86
14
87
88
89
90
91
126
93
94
95
96
12
97
98
99
100
101
102
129
103
104
107
11
13
108
105
111
110
106
109
114
128
112
113
115
116
20
117
118
119
127
120
123
122
0
1
25
26
27
28
29
30
22
31
32
33
2
34
3
35
36
37
38
39
40
41
8
42
43
44
45
46
24
47
48
49
50
51
6
18
52
53
54
55
56
5
57
58
59
60
61
62
63
64
65
66
67
68
69
70
71
72
73
74
75
76
77
78
79
80
81
82
83
84
85
86
14
87
88
89
90
91
92
93
94
95
96
12
97
98
99
100
101
102
103
104
11
13
105
106
107
108
109
110
111
112
113
114
115
116
20
117
118
119
120
121
122
123
0
1
130
25
39
131
46
24
0
1
130
25
39
131
46
24
0
1
130
25
39
131
46
24
0
1
130
25
39
131
46
24
0
1
130
25
39
131
46
24
0
1
130
25
39
131
46
24
0
1
130
25
39
131
46
24
0
1
130
25
39
131
46
24
0
1
130
25
39
131
46
24
0
1
130
25
39
131
46
24
0
1
130
25
39
131
46
24
0
1
130
25
39
131
46
24
0
1
130
25
39
131
46
24
0
1
130
25
39
131
46
24
0
1
130
25
39
131
46
24
0
1
130
25
39
131
46
24
0
1
130
25
39
131
46
24
0
1
130
25
39
131
46
24
0
1
130
25
39
131
46
24
0
1
130
25
39
131
46
24
0
1
130
25
39
131
46
24
0
1
130
25
39
131
46
24
0
1
130
25
39
132
133
131
46
24
0
1
130
25
39
132
133
131
46
24
0
1
130
25
39
132
133
131
46
24
0
1
130
25
39
132
133
131
46
24
0
1
130
25
39
132
133
131
46
24
0
1
23
24
134
135
0
1
23
24
134
135
0
1
23
24
134
135
0
1
23
24
134
135
0
1
23
24
134
135
0
1
23
24
134
135
0
1
23
24
134
135
0
1
23
24
134
135
0
1
23
24
134
135
0
1
23
24
134
8
0
1
2
25
22
136
39
6
137
62
138
115
9
67
0
1
2
25
22
136
39
6
137
62
138
115
9
67
0
1
2
25
22
136
39
8
139
62
138
115
9
67
0
1
2
25
22
136
39
8
139
62
138
115
9
67
0
1
2
25
22
136
39
8
139
62
138
115
9
67
0
1
2
25
22
136
39
6
137
62
138
115
9
67
0
1
2
25
22
136
39
8
139
62
138
115
9
67
0
1
2
25
22
136
39
6
137
62
138
115
9
67
0
1
2
25
22
136
39
8
139
62
138
115
9
67
0
1
2
25
22
136
39
8
139
62
138
115
9
67
0
1
2
25
22
136
39
8
115
140
0
1
2
25
22
136
39
8
139
141
0
1
2
25
22
136
39
142
8
143
140
0
1
2
25
22
136
39
8
115
140
0
1
2
25
22
136
39
8
115
140
0
1
2
25
22
136
39
8
115
140
0
1
2
25
22
136
39
142
8
143
140
0
1
2
34
65
25
144
133
46
24
6
145
146
53
50
115
147
148
42
62
149
0
1
2
34
65
25
144
133
46
24
6
145
146
53
50
115
147
148
42
62
149
0
1
2
34
65
144
133
46
24
6
145
146
53
50
115
25
147
148
42
62
149
0
1
2
34
65
144
133
46
24
6
145
146
53
50
115
25
147
148
42
62
149
0
1
2
34
65
25
144
133
46
24
6
145
146
53
50
115
147
148
42
62
149
0
1
2
34
65
25
144
133
46
24
6
145
146
53
50
115
147
148
42
62
149
0
1
2
34
65
144
133
46
24
6
145
146
53
50
115
25
147
148
42
62
149
0
1
2
34
65
144
133
46
24
6
145
146
53
50
115
25
147
148
42
62
149
0
1
2
34
65
25
144
133
46
24
6
145
146
53
50
115
147
148
42
62
149
0
1
2
34
65
144
133
46
24
6
145
146
53
50
115
25
147
148
42
62
149
0
1
2
34
65
150
144
151
133
46
24
6
145
146
53
50
115
25
147
148
42
62
149
0
1
2
34
65
150
144
151
133
46
24
6
145
146
53
50
115
25
147
148
42
62
149
0
1
2
34
65
150
144
151
133
46
24
6
145
146
53
50
115
25
147
148
42
62
149
0
1
2
34
65
150
144
151
133
46
24
6
145
146
53
50
115
25
147
148
42
62
149
0
1
2
34
65
25
150
144
151
133
46
24
6
145
146
53
50
115
147
148
42
62
149
0
1
2
34
65
25
150
144
151
133
46
24
6
145
146
53
50
115
147
148
42
62
149
0
1
2
34
65
25
150
144
151
133
46
24
6
145
146
53
50
115
147
148
42
62
149
0
1
2
34
65
25
150
144
151
133
46
24
6
145
146
53
50
115
147
148
42
62
149
0
1
2
34
65
25
150
144
151
133
46
24
6
145
146
53
50
115
147
148
42
62
149
0
1
2
152
34
65
25
150
144
151
133
46
24
6
145
146
53
50
115
147
148
42
62
149
0
1
2
152
34
65
25
150
144
151
133
46
24
6
145
146
53
50
115
147
148
42
62
149
0
1
2
34
65
25
150
144
133
151
153
46
24
6
145
146
53
50
115
147
148
42
62
149
0
1
2
152
34
65
25
150
144
151
133
46
24
6
145
146
53
50
115
147
148
42
62
149
0
1
2
34
65
25
150
144
133
151
153
46
24
6
145
146
53
50
115
147
148
42
62
149
0
1
2
34
65
25
150
144
133
151
153
46
24
6
145
146
53
50
115
147
148
42
62
149
0
1
2
152
34
65
25
150
144
151
133
46
24
6
145
146
53
50
115
147
148
42
62
149
0
1
2
34
65
25
150
144
133
151
153
46
24
6
145
146
53
50
115
147
148
42
62
149
0
1
2
152
34
65
25
150
144
151
133
46
24
6
145
146
53
50
115
147
148
42
62
149
0
1
2
152
34
65
25
150
144
151
133
46
24
6
145
146
53
50
115
147
148
42
62
149
0
1
2
152
34
65
25
150
144
151
133
46
24
6
145
146
53
50
115
147
148
42
62
149
0
1
2
34
65
25
150
144
133
151
153
46
24
6
145
146
53
50
115
147
148
42
62
149
0
1
2
152
34
65
25
150
144
151
133
46
24
6
145
146
53
50
115
147
148
42
62
149
0
1
154
0
1
154
0
1
154
0
1
154
0
1
154
0
1
154
0
1
154
0
1
154
0
1
154
0
1
154
0
1
154
0
1
154
155
27
136
20
156
19
46
24
0
1
157
39
158
53
46
24
44
159
160
161
103
104
129
0
1
2
3
40
4
53
39
10
67
97
99
162
100
11
13
14
0
1
2
3
40
4
53
39
10
67
97
99
162
100
11
13
14
0
1
3
2
40
4
53
39
10
67
97
99
162
100
11
13
14
0
1
2
3
40
4
53
39
10
67
97
99
162
100
11
13
14
0
1
3
2
40
4
53
39
10
67
97
99
162
100
11
13
14
0
1
3
2
40
4
53
39
10
67
97
99
162
100
11
13
14
0
1
2
3
40
4
53
39
10
67
97
99
162
100
11
13
14
0
1
46
24
27
136
163
164
165
0
1
46
24
27
136
166
167
168
0
1
46
24
27
136
169
170
171
65
42
0
1
46
24
27
136
172
173
174
65
0
1
175
176
54
6
55
177
62
77
178
33
78
68
179
2
34
3
36
40
142
63
180
38
39
25
181
182
12
115
56
53
22
183
184
149
185
186
187
152
17
42
8
188
189
190
130
191
192
51
50
193
194
195
31
196
197
99
91
198
199
200
201
5
85
86
202
88
14
203
204
205
206
207
47
208
209
210
211
212
213
214
215
216
217
218
219
48
220
21
221
222
223
224
225
226
227
228
229
70
230
231
232
233
234
235
236
237
20
238
239
240
241
242
243
244
245
246
247
248
29
249
250
251
252
253
254
255
256
257
258
58
259
260
261
262
263
264
265
266
267
268
100
269
102
270
271
272
97
273
137
274
275
276
277
278
279
280
281
282
283
67
103
104
284
285
286
287
288
289
290
291
292
0
1
99
25
63
34
142
16
293
38
11
43
40
62
294
0
1
99
25
63
34
142
16
293
38
40
62
294
0
1
99
25
63
34
142
16
293
38
11
43
40
62
294
0
1
99
25
63
34
142
16
293
38
40
62
294
0
1
2
3
65
6
157
27
23
24
134
295
46
63
25
296
147
131
144
40
41
149
42
297
0
1
2
3
65
6
157
27
23
24
134
295
46
63
25
298
147
131
144
40
41
149
42
297
0
1
2
3
65
6
157
27
23
24
134
136
46
63
25
299
147
131
144
40
41
149
42
297
0
1
2
3
65
6
157
27
23
24
134
136
46
63
25
300
147
131
144
40
41
149
42
297
0
1
2
3
65
6
157
27
23
24
134
295
46
63
25
298
147
131
144
40
41
149
42
297
0
1
2
3
65
6
157
27
23
24
134
136
46
63
25
299
147
131
144
40
41
149
42
297
0
1
2
3
65
6
157
27
23
24
134
295
46
63
25
301
147
131
144
40
41
149
42
297
0
1
2
3
65
6
157
27
23
24
134
136
46
63
25
302
147
131
144
40
41
149
42
297
0
1
2
3
65
6
157
27
23
24
134
136
46
63
25
303
147
131
144
40
41
149
42
297
0
1
2
3
65
6
157
27
23
24
134
295
46
63
25
304
147
131
144
40
41
149
42
297
0
1
2
3
65
6
157
27
23
24
134
295
46
63
25
305
147
131
144
40
41
149
42
297
0
1
2
3
65
6
157
27
23
24
134
295
46
63
25
306
147
131
144
40
41
149
42
297
0
1
34
3
4
6
73
8
42
307
5
308
39
17
309
2
29
31
33
40
53
10
67
162
100
97
99
11
13
14
0
1
34
3
4
6
73
8
42
307
5
308
39
17
309
2
29
31
33
40
53
10
67
162
100
97
99
11
13
14
0
1
34
3
4
6
73
8
42
307
5
308
39
17
309
2
29
31
33
40
53
10
67
162
100
97
99
11
13
14
0
1
34
3
4
6
73
8
42
307
5
308
39
17
309
2
29
31
33
40
53
10
67
162
100
97
99
11
13
14
0
1
34
3
4
6
73
8
42
307
5
308
39
17
309
2
29
31
33
40
53
10
67
99
162
97
100
11
13
14
0
1
34
3
4
6
73
8
42
307
5
308
39
17
309
2
29
31
33
40
53
10
67
99
162
97
100
11
13
14
0
1
34
3
4
6
73
8
42
307
5
308
39
17
309
2
29
31
33
40
53
10
67
97
99
162
100
11
13
14
0
1
34
3
4
6
73
8
42
307
5
308
39
17
309
2
29
31
33
40
53
10
67
99
162
97
100
11
13
14
0
1
34
3
4
6
73
8
42
307
5
308
39
17
309
2
29
31
33
40
53
10
67
97
99
162
100
11
13
14
0
1
130
25
310
20
0
1
130
25
311
20
0
1
130
25
312
20
0
1
130
25
313
20
0
1
130
25
314
20
0
1
130
25
315
20
0
1
130
25
316
20
0
1
130
25
317
20
0
1
130
25
318
20
0
1
130
25
319
20
0
1
130
25
320
20
156
27
16
24
321
295
46
0
1
130
25
322
20
0
1
130
25
323
20
0
1
130
25
324
20
0
1
130
25
325
20
0
1
130
25
326
20
0
1
130
25
327
20
0
1
130
25
328
20
0
1
130
25
329
20
0
1
130
25
330
20
0
1
130
25
331
20
0
1
130
25
332
20
0
1
130
25
333
20
0
1
130
25
334
20
0
1
130
25
335
20
0
1
130
25
336
20
0
1
130
25
337
20
0
1
130
25
338
20
0
1
130
25
339
20
0
1
22
133
44
340
0
1
22
341
44
340
0
1
22
341
44
340
0
1
22
133
44
340
0
1
22
341
44
340
0
1
22
133
44
340
0
1
132
42
41
34
3
27
342
343
20
57
115
140
0
1
132
42
41
34
3
27
344
345
20
57
115
140
0
1
132
42
41
34
3
27
346
347
20
57
115
140
0
1
132
42
41
34
3
27
348
349
20
57
115
141
0
1
132
42
41
34
3
27
350
351
20
57
115
140
0
1
132
42
41
34
3
27
352
353
20
57
115
140
0
1
132
42
41
34
3
27
354
355
20
57
115
140
0
1
132
42
41
34
3
27
356
357
20
57
115
140
0
1
132
42
41
34
3
27
358
359
20
57
115
140
0
1
132
42
41
34
3
27
360
361
20
57
115
140
0
1
132
42
41
34
3
27
362
363
20
57
115
140
0
1
132
42
41
34
3
27
364
365
20
57
115
140
0
1
132
42
41
34
3
27
366
367
20
57
115
140
0
1
132
42
41
34
3
27
368
369
20
57
115
141
0
1
132
42
41
34
3
27
370
371
20
57
115
140
0
1
132
42
41
34
3
27
372
373
20
57
115
140
0
1
132
42
41
34
3
27
374
375
20
57
115
140
0
1
44
376
0
1
44
376
0
1
44
376
0
1
44
376
0
1
44
376
0
1
44
376
0
1
44
376
0
1
44
376
0
1
44
376
0
1
44
376
0
1
44
376
0
1
44
376
0
1
44
376
0
1
27
136
46
24
115
377
201
378
379
11
380
50
34
67
8
381
0
1
27
136
46
24
115
377
201
378
379
11
380
50
34
67
8
382
0
1
27
136
46
24
115
377
201
378
379
11
380
50
34
67
8
383
0
1
27
136
46
24
115
377
201
378
379
11
380
50
34
67
384
8
0
1
27
136
46
24
115
377
201
378
379
11
380
50
34
67
384
8
117
385
386
185
