0
1
2
3
4
5
6
7
8
9
10
11
12
13
14
15
16
17
18
19
20
21
22
23
24
25
26
27
28
29
30
31
32
33
34
35
36
37
38
39
40
41
42
43
44
45
46
47
48
49
50
51
52
53
54
55
56
57
58
59
0
1
2
3
4
5
6
7
8
9
10
11
12
13
14
15
16
17
18
19
20
21
22
23
24
25
26
27
28
29
30
31
32
33
34
35
36
37
38
39
40
41
42
43
44
45
46
47
48
49
50
51
52
53
54
55
56
57
58
59
0
1
2
3
4
5
6
7
8
9
10
11
12
13
14
15
16
17
18
19
20
21
22
23
24
25
26
27
28
29
30
31
32
33
34
35
36
37
38
39
40
41
42
43
44
45
46
50
49
54
51
48
53
52
47
55
56
57
58
59
0
1
60
2
3
4
5
6
7
8
9
10
11
12
13
14
15
16
17
18
19
20
21
22
23
24
25
26
27
28
29
30
31
32
33
34
35
36
37
38
39
40
41
42
43
44
45
46
52
47
49
50
51
48
54
53
55
56
57
58
59
0
1
2
3
4
5
6
7
8
9
10
11
12
13
14
15
16
17
18
19
20
21
22
23
24
25
26
27
28
29
30
31
32
33
34
35
36
37
38
39
40
41
42
43
44
45
46
47
48
49
50
51
52
53
54
55
56
57
58
59
0
1
3
61
62
63
0
1
3
64
62
0
1
3
61
62
63
0
1
3
64
62
0
1
3
61
62
63
0
1
3
64
62
0
1
3
61
62
63
0
1
3
64
62
0
1
3
61
62
63
0
1
3
65
62
63
0
1
3
66
62
0
1
67
3
68
6
7
69
0
1
67
3
68
6
7
69
0
1
67
3
68
6
7
69
0
1
67
3
68
6
7
69
0
1
67
3
68
6
7
69
0
1
67
3
68
6
7
69
0
1
67
3
68
6
7
69
0
1
70
71
7
0
1
72
71
7
0
1
72
71
7
0
1
72
71
7
0
1
72
71
7
0
1
72
71
7
0
1
70
71
7
0
1
72
71
7
0
1
72
71
7
0
1
68
71
7
0
1
70
71
7
0
1
70
71
7
0
1
68
71
7
0
1
72
71
7
0
1
72
71
7
0
1
72
71
7
0
1
73
74
72
3
6
7
0
1
73
74
72
3
6
7
0
1
75
76
69
29
6
7
0
1
75
76
69
29
6
7
0
1
75
76
69
29
6
7
0
1
75
76
69
29
6
7
0
1
75
76
69
29
6
7
0
1
75
76
69
29
6
7
77
0
1
2
78
79
80
45
13
72
19
30
29
81
82
0
1
2
78
79
80
45
13
72
30
19
29
82
81
0
1
2
78
79
80
45
13
72
19
30
29
81
82
0
1
2
78
79
80
45
13
72
30
19
82
29
81
0
1
2
78
79
80
45
13
72
19
30
29
81
82
0
1
2
78
79
80
45
13
72
19
30
29
81
82
0
1
2
78
79
80
45
13
72
29
19
82
30
81
0
1
12
2
83
8
71
7
3
84
6
9
85
86
29
10
87
88
89
69
23
16
0
1
12
2
83
8
71
7
3
84
6
9
85
86
29
10
87
88
89
69
23
16
0
1
12
2
83
8
71
7
3
84
6
9
85
86
29
10
87
88
89
69
23
16
0
1
12
70
2
83
8
71
7
3
84
6
9
85
86
29
10
87
88
89
69
23
16
0
1
12
70
2
83
8
71
7
3
84
6
9
85
86
29
10
87
88
89
69
23
16
0
1
70
2
12
83
8
71
7
3
84
6
9
85
86
29
10
87
88
89
69
23
16
0
1
2
12
83
8
71
7
3
84
6
9
85
86
29
10
87
88
89
69
23
16
0
1
70
12
2
83
8
71
7
3
84
6
9
85
86
29
10
87
88
89
69
23
16
0
1
12
8
13
2
83
71
7
3
84
6
9
85
86
29
10
87
88
89
90
91
92
30
16
93
94
23
95
19
96
18
97
0
1
12
8
13
2
83
71
7
3
84
6
9
85
86
29
10
87
88
89
90
91
92
30
16
93
94
23
95
19
96
18
97
0
1
12
8
13
2
83
71
7
3
84
6
9
85
86
29
10
87
88
89
90
91
92
30
16
93
94
23
95
19
96
18
97
0
1
8
98
7
99
100
4
3
6
12
2
83
9
85
86
29
10
87
88
89
69
23
16
0
1
8
98
7
99
100
4
3
6
12
2
83
9
85
86
29
10
87
88
89
69
23
16
0
1
8
98
7
99
100
4
3
6
12
2
83
9
85
86
29
10
87
88
89
69
23
16
0
1
8
98
7
99
100
4
3
6
12
2
83
9
85
86
29
10
87
88
89
69
23
16
0
1
8
98
7
99
100
4
3
6
12
2
83
9
85
86
29
10
87
88
89
69
23
16
0
1
23
101
2
12
102
14
21
19
103
104
33
8
15
92
70
69
105
72
106
17
9
80
60
13
107
29
108
109
110
111
112
81
18
113
114
46
24
115
83
116
44
117
118
119
20
120
121
122
123
124
125
126
127
128
51
129
100
130
131
59
132
78
79
133
58
47
45
48
134
52
49
54
135
136
53
137
138
87
62
139
140
141
142
143
32
144
26
27
145
0
1
23
101
2
12
102
14
21
19
103
104
33
8
15
92
70
69
105
72
106
17
9
80
60
13
107
29
108
109
110
111
112
81
18
113
114
46
24
115
83
116
44
117
118
119
20
120
121
122
123
124
125
126
127
128
51
129
100
130
131
59
139
140
32
132
78
79
47
52
134
58
45
49
54
48
146
147
135
136
138
137
53
62
87
141
143
148
142
145
26
27
144
149
0
1
23
101
2
12
102
14
21
19
103
104
33
8
9
150
29
151
15
92
70
69
105
72
106
17
80
60
13
107
108
109
110
111
112
81
18
113
114
46
24
115
83
116
44
117
118
119
20
120
121
122
123
124
125
126
127
128
51
129
100
130
131
59
139
140
32
132
78
79
133
54
47
49
45
58
52
48
134
146
135
136
87
138
137
53
62
141
149
143
142
145
26
27
148
144
0
1
23
101
2
12
102
14
21
19
103
104
33
8
15
92
70
69
105
72
106
17
9
80
60
13
107
29
108
109
110
111
112
81
18
113
114
46
24
115
83
116
44
117
118
119
20
120
121
122
123
124
125
126
127
128
51
129
100
130
131
59
132
78
79
133
58
47
45
48
134
52
49
54
135
136
53
137
138
87
62
139
140
141
142
143
32
144
26
27
145
0
1
23
101
2
12
102
14
21
19
103
104
33
8
9
150
29
151
15
92
70
69
105
72
106
17
80
60
13
107
108
109
110
111
112
81
18
113
114
46
24
115
83
116
44
117
118
119
20
120
121
122
123
124
125
126
127
128
51
129
100
130
131
59
139
140
32
132
78
79
133
54
47
49
45
58
52
48
134
146
135
136
87
138
137
53
62
141
149
143
142
145
26
27
148
144
0
1
23
101
2
12
102
14
21
19
103
104
33
8
15
92
70
69
105
72
106
17
9
80
60
13
107
29
108
109
110
111
112
81
18
113
114
46
24
115
83
116
44
117
118
119
20
120
121
122
123
124
125
126
127
128
51
129
100
130
131
59
139
140
32
132
78
79
47
52
134
58
45
49
54
48
146
147
135
136
138
137
53
62
87
141
143
148
142
145
26
27
144
149
0
1
23
101
2
12
102
14
21
19
103
104
33
8
15
92
70
69
105
72
106
17
9
80
60
13
107
29
108
109
110
111
112
81
18
113
114
46
24
115
83
116
44
117
118
119
20
120
121
122
123
124
125
126
127
128
51
129
100
130
131
59
132
78
79
133
58
47
45
48
134
52
49
54
135
136
53
137
138
87
62
139
140
141
142
143
32
144
26
27
145
0
1
23
101
2
12
102
14
21
19
103
104
33
8
9
150
29
151
15
92
70
69
105
72
106
17
80
60
13
107
108
109
110
111
112
81
18
113
114
46
24
115
83
116
44
117
118
119
20
120
121
122
123
124
125
126
127
128
51
129
100
130
131
59
139
140
32
132
78
79
133
54
47
49
45
58
52
48
134
146
135
136
87
138
137
53
62
141
149
143
142
145
26
27
148
144
0
1
23
101
2
12
102
14
21
19
103
104
33
8
15
92
70
69
105
72
106
17
9
80
60
13
107
29
108
109
110
111
112
81
18
113
114
46
24
115
83
116
44
117
118
119
20
120
121
122
123
124
125
126
127
128
51
129
100
130
131
59
139
140
32
132
78
79
47
52
134
58
45
49
54
48
146
147
135
136
138
137
53
62
87
141
143
148
142
145
26
27
144
149
0
1
152
9
19
153
10
21
154
20
155
23
101
31
29
2
12
102
14
103
104
33
8
15
92
70
69
105
72
106
110
80
17
60
13
107
108
109
111
112
81
18
113
114
46
24
115
83
116
44
117
118
119
120
121
122
123
124
125
126
127
128
51
129
100
130
131
59
139
140
32
132
138
78
79
133
45
52
54
134
47
58
48
49
146
147
135
136
87
137
62
53
141
143
142
144
26
145
27
0
1
152
9
19
153
10
21
154
20
155
23
101
31
29
2
12
102
14
103
104
33
8
15
92
70
69
105
72
106
110
80
17
60
13
107
108
109
111
112
81
18
113
114
46
24
115
83
116
44
117
118
119
120
121
122
123
124
125
126
127
128
51
129
100
130
131
59
139
140
32
132
138
78
79
133
45
58
47
48
134
49
52
54
146
135
136
147
137
62
87
53
141
142
26
143
145
144
27
0
1
152
9
19
153
10
21
154
20
155
23
101
31
29
2
12
102
14
103
104
33
8
15
92
70
69
105
72
106
110
80
17
60
13
107
108
109
111
112
81
18
156
114
46
24
115
83
116
44
117
118
119
120
121
122
123
124
125
126
127
128
51
129
100
130
131
59
139
140
32
132
138
3
6
7
88
157
78
79
54
47
52
134
45
58
49
48
146
147
135
136
137
62
53
87
141
158
142
145
27
26
144
0
1
152
9
19
153
10
21
154
20
155
23
101
31
29
2
12
102
14
103
104
33
8
15
92
70
69
105
72
106
110
80
17
60
13
107
108
109
111
112
81
18
113
114
46
24
115
83
116
44
117
118
119
120
121
122
123
124
125
126
127
128
51
129
100
130
131
59
139
140
32
132
138
78
79
133
45
52
54
134
47
58
48
49
146
147
135
136
87
137
62
53
141
143
142
144
26
145
27
0
1
152
9
19
153
10
21
154
20
155
23
101
31
29
2
12
102
14
103
104
33
8
15
92
70
69
105
72
106
110
80
17
60
13
107
108
109
111
112
81
18
113
114
46
24
115
83
116
44
117
118
119
120
121
122
123
124
125
126
127
128
51
129
100
130
131
59
139
140
32
132
138
78
79
133
45
58
47
48
134
49
52
54
146
135
136
147
137
62
87
53
141
142
26
143
145
144
27
0
1
152
9
19
153
10
21
154
20
155
23
101
31
29
2
12
102
14
103
104
33
8
15
92
70
69
105
72
106
110
80
17
60
13
107
108
109
111
112
81
18
156
114
46
24
115
83
116
44
117
118
119
120
121
122
123
124
125
126
127
128
51
129
100
130
131
59
139
140
32
132
138
3
6
7
88
157
78
79
54
47
52
134
45
58
49
48
146
147
135
136
137
62
53
87
141
158
142
145
27
26
144
0
1
152
9
19
153
10
21
154
20
155
23
101
31
29
2
12
102
14
103
104
33
8
15
92
70
69
105
72
106
110
80
17
60
13
107
108
109
111
112
81
18
113
114
46
24
115
83
116
44
117
118
119
120
121
122
123
124
125
126
127
128
51
129
100
130
131
59
139
140
32
132
138
78
79
133
45
52
54
134
47
58
48
49
146
147
135
136
87
137
62
53
141
143
142
144
26
145
27
0
1
152
9
19
153
10
21
154
20
155
23
101
31
29
2
12
102
14
103
104
33
8
15
92
70
69
105
72
106
110
80
17
60
13
107
108
109
111
112
81
18
113
114
46
24
115
83
116
44
117
118
119
120
121
122
123
124
125
126
127
128
51
129
100
130
131
59
139
140
32
132
138
78
79
133
45
58
47
48
134
49
52
54
146
135
136
147
137
62
87
53
141
142
26
143
145
144
27
0
1
152
9
19
153
10
21
154
20
155
23
101
31
29
2
12
102
14
103
104
33
8
15
92
70
69
105
72
106
110
80
17
60
13
107
108
109
111
112
81
18
156
114
46
24
115
83
116
44
117
118
119
120
121
122
123
124
125
126
127
128
51
129
100
130
131
59
139
140
32
132
138
3
6
7
88
157
78
79
54
47
52
134
45
58
49
48
146
147
135
136
137
62
53
87
141
158
142
145
27
26
144
0
1
152
9
19
153
10
21
154
20
155
23
101
31
29
2
12
102
14
103
104
33
8
15
92
70
69
105
72
106
110
80
17
60
13
107
108
109
111
112
81
18
113
114
46
24
115
83
116
44
117
118
119
120
121
122
123
124
125
126
127
128
51
129
100
130
131
59
139
140
32
132
138
78
79
45
58
54
48
52
49
134
47
146
135
147
136
53
137
87
62
141
142
26
143
27
144
145
0
1
152
9
19
153
10
21
154
20
155
23
101
31
29
2
12
102
14
103
104
33
8
15
92
70
69
105
72
106
110
80
17
60
13
107
108
109
111
112
81
18
156
114
46
24
115
83
116
44
117
118
119
120
121
122
123
124
125
126
127
128
51
129
100
130
131
59
139
140
32
132
138
3
6
7
88
157
78
79
133
45
47
58
49
134
54
48
52
146
147
135
136
87
137
53
62
141
158
142
26
27
144
145
0
1
12
2
83
8
159
4
160
161
162
6
7
9
85
86
29
10
87
88
89
69
23
93
92
15
21
163
53
20
164
165
166
167
154
168
51
169
42
78
79
44
133
126
170
54
171
172
173
174
56
175
58
0
1
12
2
83
8
159
4
160
161
162
6
7
9
85
86
29
10
87
88
89
69
23
93
92
15
21
163
53
20
164
165
166
167
154
168
51
169
42
78
79
44
133
126
170
54
171
58
172
173
175
174
56
0
1
12
2
83
8
159
4
160
161
162
6
7
9
85
86
29
10
87
88
89
69
23
93
92
15
21
163
53
20
164
165
166
167
154
168
51
169
42
78
79
44
171
54
58
172
173
174
175
56
0
1
12
2
83
8
159
4
160
161
162
6
7
9
85
86
29
10
87
88
89
69
23
93
92
15
21
163
53
20
164
165
166
167
154
168
51
169
42
78
79
44
133
126
170
171
54
58
172
173
174
175
56
0
1
12
2
83
8
159
4
160
161
162
6
7
9
85
86
29
10
87
88
89
69
23
93
92
15
21
163
53
20
164
165
166
167
154
168
51
169
42
78
79
44
133
171
54
58
172
173
174
175
126
56
0
1
12
2
83
8
159
4
160
161
162
6
7
9
85
86
29
10
87
88
89
69
23
93
92
15
21
163
53
20
164
165
166
167
154
168
51
169
42
78
79
44
126
170
171
54
58
172
173
174
56
175
0
1
12
2
83
8
159
4
160
161
162
6
7
9
85
86
29
10
87
88
89
69
23
93
92
15
21
163
53
20
164
165
166
167
154
168
51
169
42
78
79
44
126
170
54
172
171
173
174
58
175
56
0
1
12
2
83
8
159
4
160
161
162
6
7
9
85
86
29
10
87
88
89
69
23
93
92
15
21
163
53
20
164
165
166
167
154
168
51
169
42
78
79
44
133
126
170
171
58
172
173
54
174
175
56
0
1
12
2
83
8
159
4
160
161
162
6
7
9
85
86
29
10
87
88
89
69
23
93
92
15
21
163
53
20
164
165
166
167
154
168
51
169
42
78
79
44
133
126
170
171
54
58
172
173
174
175
56
0
1
12
2
83
8
159
4
160
161
162
6
7
9
85
86
29
10
87
88
89
69
23
93
92
15
21
163
53
20
164
165
166
167
154
168
51
169
42
78
79
44
133
126
170
171
54
58
172
173
174
175
56
0
1
12
2
83
8
159
4
160
161
162
6
7
9
85
86
29
10
87
88
89
69
23
93
92
15
21
163
53
20
164
165
166
167
154
168
51
169
42
78
79
44
133
126
170
171
58
172
173
54
174
175
56
0
1
12
2
83
8
159
4
160
161
162
6
7
9
85
86
29
10
87
88
89
69
23
93
92
15
21
163
53
20
164
165
166
167
154
168
51
169
42
78
79
44
133
126
170
171
54
58
172
173
174
175
56
0
1
12
2
83
8
159
4
160
161
162
6
7
9
85
86
29
10
87
88
89
69
23
93
92
15
21
163
53
20
164
165
166
167
154
168
51
169
42
78
79
44
126
170
171
54
58
172
173
174
56
175
0
1
12
2
83
8
159
4
160
161
162
6
7
9
85
86
29
10
87
88
89
69
23
93
92
15
21
163
53
20
164
165
166
167
154
168
51
169
42
78
79
44
133
126
170
54
171
58
172
173
175
174
56
0
1
12
2
83
8
159
4
160
161
162
6
7
9
85
86
29
10
87
88
89
69
23
93
92
15
21
163
53
20
164
165
166
167
154
168
51
169
42
78
79
44
133
126
170
171
54
58
172
173
174
175
56
0
1
12
2
83
8
159
4
160
161
162
6
7
9
85
86
29
10
87
88
89
69
23
93
92
15
21
163
53
20
164
165
166
167
154
168
51
169
42
78
79
44
133
126
170
54
171
172
173
174
56
175
58
0
1
12
2
83
8
159
4
160
161
162
6
7
9
85
86
29
10
87
88
89
69
23
93
92
15
21
163
53
20
164
165
166
167
154
168
51
169
42
78
79
44
171
54
58
172
173
174
175
56
0
1
12
2
83
8
159
4
160
161
162
6
7
9
85
86
29
10
87
88
89
69
23
93
92
15
21
163
53
20
164
165
166
167
154
168
51
169
42
78
79
44
133
170
171
54
58
172
173
174
175
56
0
1
12
2
83
8
159
4
160
161
162
6
7
9
85
86
29
10
87
88
89
69
23
93
92
15
21
163
53
20
164
165
166
167
154
168
51
169
42
78
79
44
133
126
170
171
58
172
173
54
174
175
56
0
1
12
2
83
8
159
4
160
161
162
6
7
9
85
86
29
10
87
88
89
69
23
93
92
15
21
163
53
20
164
165
166
167
154
168
51
169
42
78
79
44
126
170
171
54
58
172
173
174
56
175
0
1
12
2
83
8
159
4
160
161
162
6
7
9
85
86
29
10
87
88
89
69
23
93
92
15
21
163
53
20
164
165
166
167
154
168
51
169
42
78
79
44
170
171
58
172
174
54
173
56
175
0
1
12
2
83
8
159
4
160
161
162
6
7
9
85
86
29
10
87
88
89
69
23
93
92
15
21
163
53
20
164
165
166
167
154
168
51
169
42
78
79
44
133
126
170
54
171
58
172
173
175
174
56
0
1
12
2
83
8
159
4
160
161
162
6
7
9
85
86
29
10
87
88
89
69
23
93
92
15
21
163
53
20
164
165
166
167
154
168
51
169
42
78
79
44
133
126
170
171
54
58
172
173
174
175
56
0
1
12
2
83
8
159
4
160
161
162
6
7
9
85
86
29
10
87
88
89
69
23
93
92
15
21
163
53
20
164
165
166
167
154
168
51
169
42
78
79
44
133
126
170
171
54
58
172
173
174
175
56
0
1
12
2
83
8
159
4
160
161
162
6
7
9
85
86
29
10
87
88
89
69
23
93
92
15
21
163
53
20
164
165
166
167
154
168
51
169
42
78
79
44
133
126
170
54
171
172
173
174
56
175
58
0
1
12
2
83
8
159
4
160
161
162
6
7
9
85
86
29
10
87
88
89
69
23
93
92
15
21
163
53
20
164
165
166
167
154
168
51
169
42
78
79
44
171
54
58
172
173
174
175
56
0
1
12
2
83
8
159
4
160
161
162
6
7
9
85
86
29
10
87
88
89
69
23
93
92
15
21
163
53
20
164
165
166
167
154
168
51
169
42
78
79
44
133
171
54
58
172
173
174
175
126
56
0
1
12
2
83
8
159
4
160
161
162
6
7
9
85
86
29
10
87
88
89
69
23
93
92
15
21
163
53
20
164
165
166
167
154
168
51
169
42
78
79
44
126
170
54
172
171
173
174
58
175
56
0
1
12
2
83
8
159
4
160
161
162
6
7
9
85
86
29
10
87
88
89
69
23
93
92
15
21
163
53
20
164
165
166
167
154
168
51
169
42
78
79
44
133
170
171
54
58
172
173
174
175
56
0
1
12
2
83
8
159
4
160
161
162
6
7
9
85
86
29
10
87
88
89
69
23
93
92
15
21
163
53
20
164
165
166
167
154
168
51
169
42
78
79
44
133
126
170
171
58
172
173
54
174
175
56
0
1
12
2
83
8
159
4
160
161
162
6
7
9
85
86
29
10
87
88
89
69
23
93
92
15
21
163
53
20
164
165
166
167
154
168
51
169
42
78
79
44
133
126
170
171
54
58
172
173
174
175
56
0
1
12
2
83
8
159
4
160
161
162
6
7
9
85
86
29
10
87
88
89
69
23
93
92
15
21
163
53
20
164
165
166
167
154
168
51
169
42
78
79
44
133
126
170
171
54
58
172
173
174
175
56
0
1
12
2
83
8
159
4
160
161
162
6
7
9
85
86
29
10
87
88
89
69
23
93
92
15
21
163
53
20
164
165
166
167
154
168
51
169
42
78
79
44
126
170
171
54
58
172
173
174
56
175
0
1
12
2
83
8
159
4
160
161
162
6
7
9
85
86
29
10
87
88
89
69
23
93
92
15
21
163
53
20
164
165
166
167
154
168
51
169
42
78
79
44
133
126
170
54
171
58
172
173
175
174
56
0
1
12
2
83
8
159
4
160
161
162
6
7
9
85
86
29
10
87
88
89
69
23
93
92
15
21
163
53
20
164
165
166
167
154
168
51
169
42
78
79
44
133
126
170
171
54
58
172
173
174
175
56
0
1
12
2
83
8
159
4
160
161
162
6
7
9
85
86
29
10
87
88
89
69
23
93
92
15
21
163
53
20
164
165
166
167
154
168
51
169
42
78
79
44
133
126
170
171
54
58
172
173
174
175
56
0
1
12
2
83
8
159
4
160
161
162
6
7
9
85
86
29
10
87
88
89
69
23
93
92
15
21
163
53
20
164
165
166
167
154
168
51
169
42
78
79
44
133
126
170
54
171
172
173
174
56
175
58
0
1
12
2
83
8
159
4
160
161
162
6
7
9
85
86
29
10
87
88
89
69
23
93
92
15
21
163
53
20
164
165
166
167
154
168
51
169
42
78
79
44
171
54
58
172
173
174
175
56
0
1
12
83
13
176
4
177
160
6
7
15
70
92
16
24
178
144
0
1
12
83
13
159
4
161
160
6
7
23
101
15
70
92
16
24
178
144
0
1
12
83
13
176
4
177
160
6
7
15
70
92
16
24
178
144
0
1
12
83
13
159
4
161
160
6
7
23
101
15
70
92
16
24
178
144
0
1
12
83
13
176
4
177
160
6
7
15
70
92
16
24
178
144
0
1
12
83
13
159
4
161
160
6
7
23
101
15
70
92
16
24
178
144
0
1
12
83
13
176
4
177
160
6
7
15
70
92
16
24
178
144
0
1
12
83
13
159
4
161
160
6
7
23
101
15
70
92
16
24
178
144
0
1
12
83
13
176
4
177
160
6
7
15
70
92
16
24
178
144
0
1
12
83
13
159
4
161
160
6
7
23
101
15
70
92
16
24
178
144
0
1
179
3
6
7
23
180
108
21
30
181
182
5
12
183
9
109
2
13
8
15
19
18
31
62
16
69
184
185
106
10
186
187
131
20
119
188
52
189
49
33
132
117
53
190
191
56
192
193
128
126
51
194
195
43
47
48
54
196
58
45
134
44
105
197
135
198
199
200
0
1
179
3
6
7
23
180
108
21
30
181
182
5
12
183
9
109
2
13
8
15
19
18
31
62
16
69
184
185
106
10
186
187
131
20
119
188
52
189
49
33
132
117
53
190
191
56
192
193
128
126
51
194
195
43
47
48
54
196
58
45
134
44
105
197
135
198
199
201
200
0
1
179
3
6
7
23
180
108
21
30
181
182
5
12
183
9
109
2
13
8
15
19
18
31
62
16
69
184
185
106
10
186
187
131
20
119
188
52
189
49
33
132
117
53
190
191
56
192
193
128
126
51
194
195
43
47
48
54
196
58
45
134
44
105
197
135
198
199
201
200
0
1
179
3
6
7
23
180
108
21
30
181
182
5
12
183
9
109
2
13
8
15
19
18
31
62
16
69
184
185
106
10
186
187
131
20
119
188
52
189
49
33
132
117
53
190
191
56
192
193
128
126
51
194
195
43
47
48
54
196
58
45
134
44
105
197
135
198
199
200
201
0
1
179
3
6
7
23
180
108
21
30
181
182
5
12
183
9
109
2
13
8
15
19
18
31
62
16
69
184
185
106
10
186
187
131
20
119
188
52
189
49
33
132
117
53
190
191
56
192
193
128
126
51
194
195
43
47
48
54
196
58
45
134
44
105
197
135
198
199
0
1
179
3
6
7
23
180
108
21
30
181
182
5
12
183
9
109
2
13
8
15
19
18
31
62
16
69
184
185
106
10
186
187
131
20
119
188
52
189
49
33
132
117
53
190
191
56
192
193
128
126
51
194
195
43
47
48
54
196
58
45
134
44
105
197
135
198
199
200
201
0
1
179
3
6
7
23
180
108
21
30
181
182
5
12
183
9
109
2
13
8
15
19
18
31
62
16
69
184
185
106
10
186
187
131
20
119
188
52
189
49
33
132
117
53
190
191
56
192
193
128
126
51
194
195
43
47
48
54
196
58
45
134
44
105
197
135
198
199
200
201
0
1
179
3
6
7
23
180
108
21
30
181
182
5
12
183
9
109
2
13
8
15
19
18
31
62
16
69
184
185
106
10
186
187
131
20
119
188
52
189
49
33
132
117
53
190
191
56
192
193
128
126
51
194
195
43
47
48
54
196
58
45
134
44
105
197
135
198
199
201
200
0
1
179
3
6
7
23
180
108
21
30
181
182
5
12
183
9
109
2
13
8
15
19
18
31
62
16
69
184
185
106
10
186
187
131
20
119
188
52
189
49
33
132
117
53
190
191
56
192
193
128
126
51
194
195
43
47
48
54
196
58
45
134
44
105
197
135
198
199
201
200
0
1
179
3
6
7
23
180
108
21
30
181
182
5
12
183
9
109
2
13
8
15
19
18
31
62
16
69
184
185
106
10
186
187
131
20
119
188
52
189
49
33
132
117
53
190
191
56
192
193
128
126
51
194
195
43
47
48
54
196
58
45
134
44
105
197
135
198
199
200
201
0
1
179
3
6
7
23
180
108
21
30
181
182
5
12
183
9
109
2
13
8
15
19
18
31
62
16
69
184
185
106
10
186
187
131
20
119
188
52
189
49
33
132
117
53
190
191
56
192
193
128
126
51
194
195
43
47
48
54
196
58
45
134
44
105
197
135
198
199
201
200
0
1
179
3
6
7
23
180
108
21
30
181
182
5
12
183
9
109
2
13
8
15
19
18
31
62
16
69
184
185
106
10
186
187
131
20
119
188
52
189
49
33
132
117
53
190
191
56
192
193
128
126
51
194
195
43
47
48
54
196
58
45
134
44
105
197
135
198
199
201
200
0
1
179
3
6
7
23
180
108
21
30
181
182
5
12
183
9
109
2
13
8
15
19
18
31
62
16
69
184
185
106
10
186
187
131
20
119
188
52
189
49
33
132
117
53
190
191
56
192
193
128
126
51
194
195
43
47
48
54
196
58
45
134
44
105
197
135
198
199
200
0
1
179
3
6
7
23
180
108
21
30
181
182
5
12
183
9
109
2
13
8
15
19
18
31
62
16
69
184
185
106
10
186
187
131
20
119
188
52
189
49
33
132
117
53
190
191
56
192
193
128
126
51
194
195
43
47
48
54
196
58
45
134
44
105
197
135
198
199
201
200
0
1
179
3
6
7
23
180
108
21
30
181
182
5
12
183
9
109
2
13
8
15
19
18
31
62
16
69
184
185
106
10
186
187
131
20
119
188
52
189
49
33
132
117
53
190
191
56
192
193
128
126
51
194
195
43
47
48
54
196
58
45
134
44
105
197
135
198
199
0
1
179
3
6
7
23
180
108
21
30
181
182
5
12
183
9
109
2
13
8
15
19
18
31
62
16
69
184
185
106
10
186
187
131
20
119
188
52
189
49
33
132
117
53
190
191
56
192
193
128
126
51
194
195
43
47
48
54
196
58
45
134
44
105
197
135
198
199
200
201
0
1
179
3
6
7
23
180
108
21
30
181
182
5
12
183
9
109
2
13
8
15
19
18
31
62
16
69
184
185
106
10
186
187
131
20
119
188
52
189
49
33
132
117
53
190
191
56
192
193
128
126
51
194
195
43
47
48
54
196
58
45
134
44
105
197
135
198
199
201
200
0
1
179
3
6
7
23
180
108
21
30
181
182
5
12
183
9
109
2
13
8
15
19
18
31
62
16
69
184
185
106
10
186
187
131
20
119
188
52
189
49
33
132
117
53
190
191
56
192
193
128
126
51
194
195
43
47
48
54
196
58
45
134
44
105
197
135
198
199
201
200
0
1
179
3
6
7
23
180
108
21
30
181
182
5
12
183
9
109
2
13
8
15
19
18
31
62
16
69
184
185
106
10
186
187
131
20
119
188
52
189
49
33
132
117
53
190
191
56
192
193
128
126
51
194
195
43
47
48
54
196
58
45
134
44
105
197
135
198
199
201
200
0
1
179
3
6
7
23
180
108
21
30
181
182
5
12
183
9
109
2
13
8
15
19
18
31
62
16
69
184
185
106
10
186
187
131
20
119
188
52
189
49
33
132
117
53
190
191
56
192
193
128
126
51
194
195
43
47
48
54
196
58
45
134
44
105
197
135
198
199
201
200
0
1
179
3
6
7
23
180
108
21
30
181
182
5
12
183
9
109
2
13
8
15
19
18
31
62
16
69
184
185
106
10
186
187
131
20
119
188
52
189
49
33
132
117
53
190
191
56
192
193
128
126
51
194
195
43
47
48
54
196
58
45
134
44
105
197
135
198
199
200
0
1
108
9
109
11
2
13
14
8
15
16
21
19
18
12
31
62
183
23
69
184
202
106
10
186
187
131
20
119
188
52
189
49
33
132
117
53
203
56
192
204
128
126
51
205
43
47
48
54
206
58
45
134
44
105
197
135
198
207
208
201
0
1
9
16
209
93
2
13
14
8
15
21
19
18
12
31
62
23
69
167
184
210
183
106
10
92
186
187
131
20
119
188
52
189
49
33
132
117
53
211
56
59
192
212
128
126
51
213
32
214
43
47
48
54
215
58
45
134
44
105
197
135
198
216
201
217
0
1
9
16
209
93
2
13
14
8
15
21
19
18
12
31
62
23
69
167
184
210
183
106
10
92
186
187
131
20
119
188
52
189
49
33
132
117
53
211
56
59
192
212
128
126
51
213
32
214
43
47
48
54
215
58
45
134
44
105
197
135
198
216
201
217
0
1
108
9
109
11
2
13
14
8
15
16
21
19
18
12
31
62
183
23
69
184
202
106
10
186
187
131
20
119
188
52
189
49
33
132
117
53
203
56
192
204
128
126
51
205
43
47
48
54
206
58
45
134
44
105
197
135
198
207
208
201
0
1
9
16
209
93
3
6
7
69
167
2
13
14
8
15
21
19
18
12
31
62
23
184
210
183
106
10
92
186
187
131
20
119
188
52
189
49
33
132
117
53
211
56
59
192
212
128
126
51
213
32
214
43
47
48
54
215
58
45
134
44
105
197
135
198
216
201
217
0
1
9
16
209
93
2
13
14
8
15
21
19
18
12
31
62
23
69
167
184
210
183
106
10
92
186
187
131
20
119
188
52
189
49
33
132
117
53
211
56
59
192
212
128
126
51
213
32
214
43
47
48
54
215
58
45
134
44
105
197
135
198
216
201
217
0
1
70
9
16
209
93
2
13
14
8
15
21
19
18
12
31
62
23
69
184
210
183
106
10
92
186
187
131
20
119
188
52
189
49
33
132
117
53
211
56
59
192
212
128
126
51
213
32
214
43
47
48
54
215
58
45
134
44
105
197
135
198
216
201
217
0
1
9
16
209
93
2
13
14
8
15
21
19
18
12
31
62
23
69
167
184
210
183
106
10
92
186
187
131
20
119
188
52
189
49
33
132
117
53
211
56
59
192
212
128
126
51
213
32
214
43
47
48
54
215
58
45
134
44
105
197
135
198
216
201
217
218
0
1
108
9
109
11
2
13
14
8
15
16
21
19
18
12
31
62
183
23
69
184
202
106
10
186
187
131
20
119
188
52
189
49
33
132
117
53
203
56
192
204
128
126
51
205
43
47
48
54
206
58
45
134
44
105
197
135
198
207
208
201
0
1
9
16
209
93
2
13
14
8
15
21
19
18
12
31
62
23
69
167
184
210
183
106
10
92
186
187
131
20
119
188
52
189
49
33
132
117
53
211
56
59
192
212
128
126
51
213
32
214
43
47
48
54
215
58
45
134
44
105
197
135
198
216
201
217
0
1
9
16
209
93
2
13
14
8
15
21
19
18
12
31
62
23
69
167
184
210
183
106
10
92
186
187
131
20
119
188
52
189
49
33
132
117
53
211
56
59
192
212
128
126
51
213
32
214
43
47
48
54
215
58
45
134
44
105
197
135
198
216
201
217
218
0
1
9
16
209
93
2
13
14
8
15
21
19
18
12
31
62
23
69
167
184
210
183
106
10
92
186
187
131
20
119
188
52
189
49
33
132
117
53
211
56
59
192
212
128
126
51
213
32
214
43
47
48
54
215
58
45
134
44
105
197
135
198
216
201
217
218
0
1
13
12
15
20
69
219
23
24
25
26
27
31
29
33
43
44
126
128
220
51
45
58
59
0
1
13
12
15
20
69
22
23
24
25
26
27
31
29
33
43
44
126
128
213
51
45
58
59
0
1
13
12
15
20
69
22
23
24
25
26
27
31
29
33
43
44
126
128
213
51
45
58
59
0
1
13
12
15
20
69
22
23
24
25
26
27
31
29
33
43
44
126
128
213
51
45
58
59
0
1
13
12
15
20
69
22
23
24
25
26
27
31
29
33
43
44
126
128
45
213
51
58
59
0
1
13
12
15
20
69
22
23
24
25
26
27
31
29
33
43
44
126
128
213
51
45
58
59
0
1
13
12
15
20
69
22
23
24
25
26
27
31
29
33
43
44
126
128
213
51
45
58
59
0
1
13
12
15
20
69
22
23
24
25
26
27
31
29
33
43
44
126
128
45
213
51
58
59
0
1
12
73
98
7
221
0
1
12
222
98
7
221
0
1
12
222
98
7
221
0
1
12
73
98
7
221
0
1
12
222
98
7
221
0
1
12
73
98
7
221
0
1
12
222
98
7
221
0
1
12
73
98
7
221
0
1
11
67
97
0
1
11
67
97
0
1
11
67
97
0
1
11
67
97
0
1
11
67
97
0
1
11
67
97
0
1
11
67
97
0
1
11
67
97
0
1
11
67
97
0
1
11
67
97
0
1
11
67
97
0
1
11
67
97
0
1
11
67
97
0
1
11
67
97
0
1
11
67
97
0
1
11
67
97
0
1
11
67
97
0
1
11
67
97
0
1
11
67
97
0
1
11
67
97
0
1
11
67
97
0
1
11
67
97
0
1
11
67
97
0
1
11
67
97
0
1
11
67
97
0
1
11
67
97
0
1
11
67
97
0
1
11
67
97
0
1
11
67
97
0
1
11
67
97
0
1
11
67
97
0
1
11
67
97
0
1
11
67
97
0
1
11
67
97
0
1
11
67
97
0
1
11
67
97
0
1
11
67
97
0
1
11
67
97
0
1
11
67
97
0
1
11
67
97
0
1
11
67
97
0
1
11
67
97
0
1
11
67
97
0
1
11
67
97
0
1
11
67
97
0
1
183
69
92
2
13
77
8
3
223
224
62
112
201
0
1
183
69
92
2
13
77
8
3
225
226
62
112
0
1
183
69
92
2
13
77
8
3
227
228
62
112
201
229
0
1
183
69
92
2
13
77
8
3
230
231
62
112
87
232
0
1
183
69
92
2
13
77
8
3
233
234
62
112
23
0
1
183
69
92
2
13
77
8
3
235
236
62
112
87
232
0
1
183
69
92
2
13
77
8
3
237
238
62
112
0
1
183
69
92
2
13
77
8
3
239
240
62
112
0
1
183
69
92
2
13
77
8
3
241
242
62
112
9
71
0
1
183
69
92
2
13
77
8
3
243
244
62
112
87
232
0
1
183
69
92
2
13
77
8
3
245
246
62
112
0
1
183
69
92
2
13
77
8
3
247
248
62
112
87
232
0
1
183
69
92
2
13
77
8
3
249
250
62
112
73
0
1
183
69
92
2
13
77
8
3
251
252
62
112
98
7
0
1
183
69
92
2
13
77
8
3
253
254
62
112
87
232
0
1
183
69
92
2
13
77
8
3
255
256
62
112
257
0
1
183
69
92
2
13
77
8
3
258
259
62
112
0
1
183
69
92
2
13
77
8
3
260
261
62
112
87
232
0
1
183
69
92
2
13
77
8
3
262
263
62
112
101
18
0
1
183
69
92
2
13
77
8
3
264
265
62
112
0
1
183
69
92
2
13
77
8
3
266
267
62
112
0
1
183
69
92
2
13
77
8
3
268
269
62
112
0
1
183
69
92
2
13
77
8
3
270
271
62
112
0
1
183
69
92
2
13
77
8
3
272
273
62
112
0
1
183
69
92
2
13
77
8
3
274
275
62
112
0
1
183
69
92
2
13
77
8
3
276
277
62
112
0
1
183
69
92
2
13
77
8
3
278
279
62
112
0
1
183
69
92
2
13
77
8
3
280
281
62
112
0
1
183
69
92
2
13
77
8
3
282
283
62
112
0
1
183
69
92
2
13
77
8
3
284
285
62
112
0
1
183
69
92
2
13
77
8
3
286
287
62
112
0
1
183
69
92
2
13
77
8
3
288
289
62
112
0
1
183
69
92
2
13
77
8
3
290
291
62
112
0
1
183
69
92
2
13
77
8
3
292
293
62
112
0
1
183
69
92
2
13
77
8
3
294
295
62
112
0
1
183
69
92
2
13
77
8
3
296
297
62
112
0
1
183
69
92
2
13
77
8
3
298
299
62
112
0
1
183
69
92
2
13
77
8
3
300
301
62
112
0
1
183
69
92
2
13
77
8
3
302
303
62
112
0
1
183
69
92
2
13
77
8
3
304
305
62
112
0
1
183
69
92
2
13
77
8
3
306
307
62
112
0
1
183
69
92
2
13
77
8
3
308
309
62
112
0
1
183
69
92
2
13
77
8
3
310
311
62
112
0
1
183
69
92
2
13
77
8
3
312
313
62
112
0
1
183
69
92
2
13
77
8
3
314
315
62
112
0
1
183
69
92
2
13
77
8
3
316
317
62
112
0
1
183
69
92
2
13
77
8
3
318
319
62
112
0
1
183
69
92
2
13
77
8
3
320
321
62
112
0
1
183
69
92
2
13
77
8
3
322
323
62
112
0
1
183
69
92
2
13
77
8
3
324
325
62
112
0
1
183
69
92
2
13
77
8
3
326
327
62
112
0
1
183
69
92
2
13
77
8
3
328
329
62
112
0
1
183
69
92
2
13
77
8
3
330
331
62
112
0
1
183
69
92
2
13
77
8
3
332
333
62
112
0
1
183
69
92
2
13
77
8
3
334
335
62
112
0
1
183
69
92
2
13
77
8
3
336
337
62
112
0
1
183
69
92
2
13
77
8
3
338
339
62
112
0
1
183
69
92
2
13
77
8
3
340
341
62
112
0
1
183
69
92
2
13
77
8
3
342
343
62
112
0
1
183
69
92
2
13
77
8
3
344
345
62
112
0
1
183
69
92
2
13
77
8
3
346
347
62
112
0
1
183
69
92
2
13
77
8
3
348
349
62
112
0
1
183
69
92
2
13
77
8
3
350
351
62
112
0
1
183
69
92
2
13
77
8
3
352
353
62
112
0
1
183
69
92
2
13
77
8
3
354
355
62
112
0
1
183
69
92
2
13
77
8
3
356
357
62
112
0
1
183
69
92
2
13
77
8
3
358
359
62
112
0
1
183
69
92
2
13
77
8
3
360
361
62
112
0
1
183
69
92
2
13
77
8
3
362
363
62
112
0
1
183
69
92
2
13
77
8
3
364
365
62
112
0
1
183
69
92
2
13
77
8
3
366
367
62
112
0
1
183
69
92
2
13
77
8
3
368
369
62
112
0
1
183
69
92
2
13
3
370
371
62
112
0
1
183
69
92
2
13
3
372
373
62
112
0
1
183
69
92
2
13
3
374
375
62
112
0
1
183
69
92
2
13
3
376
377
62
112
0
1
183
69
92
2
13
3
370
371
62
112
0
1
183
69
92
2
13
3
378
379
62
112
0
1
183
69
92
2
13
3
380
381
62
112
0
1
183
69
92
2
13
3
382
383
62
112
0
1
183
69
92
2
13
3
384
385
62
112
0
1
183
69
92
2
13
3
386
387
62
112
0
1
183
69
92
2
13
3
388
389
62
112
0
1
183
69
92
2
13
3
390
391
62
112
0
1
183
69
92
2
13
3
392
393
62
112
0
1
183
69
92
2
13
3
394
395
62
112
0
1
183
69
92
2
13
3
396
397
62
112
0
1
183
69
92
2
13
3
398
399
62
112
0
1
183
69
92
2
13
3
370
371
62
112
0
1
183
69
92
2
13
3
400
401
62
112
0
1
183
69
92
2
13
3
402
403
62
112
0
1
183
69
92
2
13
3
404
405
62
112
0
1
183
69
92
2
13
3
406
407
62
112
0
1
183
69
92
2
13
3
408
409
62
112
0
1
183
69
92
2
13
3
410
411
62
112
0
1
183
69
92
2
13
3
412
413
62
112
0
1
183
69
92
2
13
3
414
415
62
112
0
1
183
69
92
2
13
3
416
417
62
112
0
1
183
69
92
2
13
3
418
419
62
112
0
1
183
69
92
2
13
3
420
421
62
112
0
1
183
69
92
2
13
3
422
423
62
112
0
1
183
69
92
2
13
3
424
425
62
112
0
1
183
69
92
2
13
3
426
427
62
112
0
1
183
69
92
2
13
3
428
429
62
112
0
1
183
69
92
2
13
3
430
431
62
112
0
1
183
69
92
2
13
3
432
433
62
112
0
1
183
69
92
2
13
3
434
435
62
112
0
1
183
69
92
2
13
3
436
437
62
112
0
1
183
69
92
2
13
3
438
439
62
112
0
1
183
69
92
2
13
3
440
441
62
112
0
1
183
69
92
2
13
3
442
443
62
112
0
1
183
69
92
2
13
3
444
445
62
112
0
1
183
69
92
2
13
3
446
447
62
112
0
1
183
69
92
2
13
3
448
449
62
112
0
1
183
69
92
2
13
3
450
451
62
112
0
1
183
69
92
2
13
3
452
453
62
112
0
1
183
69
92
2
13
3
454
455
62
112
0
1
183
69
92
2
13
3
456
457
62
112
0
1
183
69
92
2
13
77
3
458
459
62
112
0
1
3
5
6
7
77
8
12
13
102
9
460
19
71
109
461
29
462
95
463
138
119
464
17
0
1
3
5
6
7
77
8
12
13
102
9
460
19
71
109
461
29
462
95
463
138
119
464
17
0
1
3
5
6
7
77
8
12
13
102
9
460
19
71
109
461
29
462
95
463
138
119
464
17
0
1
3
5
6
7
77
8
12
13
102
9
460
19
71
109
461
29
462
95
463
138
119
464
17
0
1
3
5
6
7
77
8
12
13
102
9
460
19
71
109
461
29
462
95
463
138
119
464
17
0
1
3
5
6
7
77
8
12
13
102
9
460
19
71
109
461
29
462
95
463
138
119
464
17
145
83
0
1
3
5
6
7
77
8
12
13
102
9
460
19
71
109
461
29
462
95
463
138
119
464
17
465
466
232
0
1
3
5
6
7
77
8
12
13
102
9
460
19
71
109
461
29
462
95
463
138
119
464
17
101
467
87
232
0
1
3
5
6
7
77
8
12
13
102
9
460
19
71
109
461
29
462
95
463
138
119
464
17
0
1
3
5
6
7
77
8
12
13
102
9
460
19
71
109
461
29
462
95
463
138
119
464
17
201
468
0
1
3
5
6
7
77
8
12
13
102
9
460
19
71
109
461
29
462
95
463
138
119
464
17
0
1
3
5
6
7
77
8
12
13
102
9
460
19
71
109
461
29
462
95
463
138
119
464
17
0
1
3
5
6
7
77
8
12
13
102
9
460
19
71
109
461
29
462
95
463
138
119
464
17
201
229
0
1
3
5
6
7
77
8
12
13
102
9
460
19
71
109
461
29
462
95
463
138
119
464
17
183
469
0
1
3
5
6
7
77
8
12
13
102
9
460
19
71
109
461
29
462
95
463
138
119
464
17
229
0
1
3
5
6
7
77
8
12
13
102
9
460
19
71
109
461
29
462
95
463
138
119
464
17
23
14
104
33
87
470
21
15
471
472
81
68
473
474
186
475
476
229
0
1
3
5
6
7
77
8
12
13
102
9
460
19
71
109
461
29
462
95
463
138
119
464
17
87
21
477
467
478
479
10
33
62
480
80
45
73
0
1
3
5
6
7
77
8
12
13
102
9
460
19
71
109
461
29
462
95
463
138
119
464
17
87
232
0
1
3
5
6
7
77
8
12
13
102
9
460
19
71
109
461
29
462
95
463
138
119
464
17
87
232
0
1
3
5
6
7
77
8
12
13
102
9
460
19
71
109
461
29
462
95
463
138
119
464
17
111
21
481
0
1
3
5
6
7
77
8
12
13
102
9
460
19
71
109
461
29
462
95
463
138
119
464
17
0
1
3
5
6
7
77
8
12
13
102
9
460
19
71
109
461
29
462
95
463
138
119
464
17
23
229
0
1
3
5
6
7
77
8
12
13
102
9
460
19
71
109
461
29
462
95
463
138
119
464
17
111
232
0
1
3
5
6
7
77
8
12
13
102
9
460
19
71
109
461
29
462
95
463
138
119
464
17
111
229
0
1
3
5
6
7
77
8
12
13
102
9
460
19
71
109
461
29
462
95
463
138
119
464
17
0
1
3
5
6
7
77
8
12
13
102
9
460
19
71
109
461
29
462
95
463
138
119
464
17
482
87
232
0
1
3
5
6
7
77
8
12
13
102
9
460
19
71
109
461
29
462
95
463
138
119
464
17
0
1
3
5
6
7
77
8
12
13
102
9
460
19
71
109
461
29
462
95
463
138
119
464
17
0
1
3
5
6
7
77
8
12
13
102
9
460
19
71
109
461
29
462
95
463
138
119
464
17
483
465
229
0
1
13
12
15
31
29
33
20
43
44
126
213
51
45
58
128
59
0
1
13
12
15
31
29
33
20
43
44
128
126
45
213
51
58
59
0
1
11
13
9
31
29
33
43
44
128
213
51
126
45
58
59
0
1
13
12
15
31
29
33
20
43
44
126
128
213
45
59
58
51
9
17
484
151
0
1
13
12
15
31
29
33
43
44
213
51
126
45
128
58
59
0
1
13
12
15
31
29
33
20
43
44
126
213
51
128
45
58
59
0
1
13
12
15
31
29
33
43
44
126
213
128
45
58
59
51
0
1
13
12
15
31
29
33
43
44
126
213
45
58
128
51
59
0
1
13
12
15
31
29
33
43
44
126
128
45
58
213
59
51
0
1
13
12
15
31
29
33
20
43
44
128
126
213
45
59
51
58
0
1
13
12
15
31
29
33
43
44
128
213
51
126
45
58
59
0
1
13
12
15
31
29
33
20
43
44
126
213
128
45
58
59
51
0
1
13
12
15
31
29
33
43
44
213
51
128
126
45
58
59
0
1
13
12
15
31
29
33
20
43
44
126
213
51
128
45
59
58
0
1
11
13
9
31
29
33
43
44
128
213
51
126
45
58
59
0
1
13
12
15
31
29
33
43
44
128
213
51
126
45
58
59
0
1
13
12
15
31
29
33
43
44
128
126
54
53
45
213
59
51
58
0
1
13
12
15
31
29
33
20
43
44
128
126
213
45
59
51
58
0
1
13
12
15
31
29
33
20
43
44
126
213
51
128
45
58
59
0
1
13
12
15
31
29
33
43
44
126
213
128
45
58
59
51
0
1
13
12
15
31
29
33
43
44
213
51
126
45
128
58
59
0
1
13
12
15
31
29
33
43
44
126
213
45
58
128
51
59
0
1
13
12
15
31
29
33
20
43
44
126
128
213
51
45
59
58
0
1
13
12
15
31
29
33
20
43
44
126
213
128
45
58
59
51
0
1
13
12
15
31
29
33
43
44
126
128
45
58
213
59
51
0
1
13
12
15
31
29
33
43
44
213
51
128
126
45
58
59
0
1
13
12
15
31
29
33
43
44
213
126
128
45
59
51
58
0
1
13
12
15
31
29
33
43
44
126
128
213
51
45
58
59
0
1
13
12
15
31
29
33
43
44
126
128
213
51
45
59
58
0
1
13
12
15
31
29
33
20
43
44
126
128
213
45
59
58
51
9
17
484
151
0
1
13
12
15
31
29
33
20
43
44
126
128
213
45
58
59
51
0
1
13
12
15
31
29
33
20
43
44
126
213
51
128
45
59
58
0
1
11
13
9
31
29
33
43
44
128
213
51
126
45
58
59
0
1
13
12
15
31
29
33
43
44
213
51
126
128
45
58
59
9
0
1
13
12
15
31
29
33
43
44
128
126
45
58
213
59
51
0
1
13
12
15
31
29
33
43
44
128
213
51
126
45
58
59
0
1
13
12
15
31
29
33
43
44
126
213
51
45
59
128
58
9
0
1
13
12
15
31
29
33
43
44
128
126
54
53
45
213
59
51
58
0
1
13
12
15
31
29
33
20
43
44
128
126
213
45
59
51
58
0
1
13
12
15
31
29
33
43
44
128
126
213
51
45
58
59
218
9
0
1
13
12
15
31
29
33
20
43
44
126
213
51
128
45
58
59
0
1
13
12
15
31
29
33
43
44
126
213
128
45
58
59
51
0
1
13
12
15
31
29
33
43
44
213
51
126
45
128
58
59
0
1
13
12
15
31
29
33
43
44
126
128
213
51
45
59
58
0
1
13
12
15
31
29
33
20
43
44
126
213
51
45
58
128
59
0
1
13
12
15
31
29
33
20
43
44
213
126
128
51
45
59
58
0
1
13
12
15
31
29
33
43
44
213
126
128
45
58
59
51
0
1
13
12
15
31
29
33
43
44
126
213
128
51
45
59
58
9
0
1
13
12
15
31
29
33
43
44
126
128
213
51
54
53
45
58
59
0
1
13
12
15
31
29
33
43
44
126
128
45
58
213
59
51
0
1
13
12
15
31
29
33
43
44
126
213
51
45
58
128
59
0
1
13
12
15
31
29
33
43
44
128
126
58
59
213
45
51
17
9
151
484
0
1
13
12
15
31
29
33
43
44
213
51
128
126
45
58
59
0
1
13
12
15
31
29
33
20
43
44
128
213
51
45
59
126
58
17
9
218
151
0
1
13
12
15
31
29
33
43
44
126
128
213
51
45
58
59
0
1
13
12
15
31
29
33
43
44
213
128
51
45
59
58
126
17
9
151
484
0
1
13
12
15
31
29
33
20
43
44
126
128
213
45
59
58
51
9
17
484
151
0
1
13
12
15
31
29
33
43
44
126
128
213
45
58
59
51
0
1
13
12
15
31
29
33
20
43
44
126
128
213
45
58
59
51
0
1
13
12
15
31
29
33
20
43
44
128
45
126
213
51
58
59
0
1
11
13
9
31
29
33
43
44
128
213
51
126
45
58
59
0
1
13
12
15
31
29
33
43
44
128
213
51
126
45
58
59
0
1
13
12
15
31
29
33
43
44
128
126
54
53
45
213
59
51
58
0
1
13
12
15
31
29
33
20
43
44
128
126
45
213
51
58
59
0
1
13
12
15
31
29
33
20
43
44
128
126
213
45
59
51
58
0
1
13
12
15
31
29
33
20
43
44
126
213
51
128
45
58
59
0
1
13
12
15
31
29
33
43
44
126
213
128
45
58
59
51
0
1
13
12
15
31
29
33
43
44
213
51
126
45
128
58
59
0
1
13
12
15
31
29
33
43
44
126
213
45
58
128
51
59
0
1
13
12
15
31
29
33
20
43
44
126
213
51
45
58
128
59
0
1
13
12
15
31
29
33
43
44
213
126
128
45
58
59
51
0
1
13
12
15
31
29
33
20
43
44
126
128
213
51
45
59
58
0
1
13
12
15
31
29
33
20
43
44
126
128
213
51
45
58
59
17
9
151
218
0
1
13
12
15
31
29
33
20
43
44
126
213
128
45
58
59
51
0
1
13
12
15
31
29
33
43
44
126
128
213
51
54
53
45
58
59
0
1
13
12
15
31
29
33
43
44
126
128
45
58
213
59
51
0
1
13
12
15
31
29
33
43
44
213
51
128
126
45
58
59
0
1
13
12
15
31
29
33
20
43
44
128
213
51
45
59
126
58
17
9
218
151
0
1
8
12
13
15
31
29
33
43
44
126
128
213
51
45
58
59
3
6
7
77
232
0
1
13
12
15
31
29
33
43
44
126
128
213
51
54
53
45
58
59
0
1
13
12
15
31
29
33
20
43
44
126
128
213
45
58
59
51
0
1
13
12
15
31
29
33
43
44
213
45
126
128
58
59
51
0
1
13
12
15
31
29
33
20
43
44
128
45
126
213
51
58
59
0
1
13
12
15
31
29
33
20
43
44
126
213
51
128
45
59
58
0
1
13
12
15
31
29
33
43
44
126
213
51
54
53
128
45
58
59
0
1
13
12
15
31
29
33
43
44
126
213
51
128
53
58
59
45
54
0
1
12
13
15
31
29
33
43
44
126
213
51
128
45
59
58
0
1
12
13
15
31
29
33
43
44
126
45
213
51
58
128
59
0
1
12
13
15
31
29
33
43
44
128
213
51
45
58
59
126
0
1
12
13
15
31
29
33
43
44
126
128
213
51
45
58
59
0
1
12
13
15
31
29
33
43
44
126
213
51
128
45
58
59
0
1
12
13
15
31
29
33
43
44
126
45
59
128
213
51
58
0
1
12
13
15
31
29
33
43
44
213
51
126
128
58
45
59
0
1
12
13
15
31
29
33
43
44
128
213
51
45
58
59
126
0
1
12
13
15
31
29
33
43
44
213
51
126
128
58
45
59
0
1
12
13
15
31
29
33
43
44
126
213
51
128
45
58
59
0
1
12
13
15
31
29
33
43
44
126
45
213
51
58
128
59
0
1
12
13
15
31
29
33
43
44
128
213
51
45
58
59
126
0
1
12
13
15
31
29
33
43
44
126
128
213
51
45
58
59
0
1
12
13
15
31
29
33
43
44
126
128
213
45
58
59
51
0
1
12
13
15
31
29
33
43
44
213
51
126
128
58
45
59
0
1
12
13
15
31
29
33
43
44
126
213
51
128
45
58
59
0
1
12
13
15
31
29
33
43
44
126
213
51
128
45
59
58
0
1
12
13
15
31
29
33
9
32
20
18
23
188
52
189
49
70
43
44
126
128
213
51
45
58
59
0
1
12
13
15
31
29
33
43
44
126
45
59
128
213
51
58
0
1
12
13
15
31
29
33
43
44
128
213
51
45
58
59
126
0
1
12
13
15
31
29
33
43
44
126
128
213
51
45
58
59
0
1
12
13
15
31
29
33
43
44
128
213
51
126
45
58
59
0
1
12
13
15
31
29
33
43
44
128
213
51
45
58
59
126
0
1
12
13
15
31
29
33
43
44
213
51
126
128
58
45
59
0
1
12
13
15
31
29
33
43
44
126
213
51
128
45
58
59
0
1
12
13
15
31
29
33
43
44
126
45
213
51
58
128
59
0
1
12
13
15
31
29
33
43
44
126
213
51
128
45
59
58
0
1
12
13
15
31
29
33
43
44
126
45
59
128
213
51
58
0
1
13
12
15
31
29
33
20
43
44
126
128
213
51
45
58
59
0
1
13
12
15
31
29
33
20
43
44
126
128
213
51
45
58
59
0
1
13
12
15
31
29
33
20
43
44
126
128
213
51
45
58
59
0
1
13
12
15
31
29
33
20
43
44
126
128
213
51
45
58
59
0
1
13
12
15
31
29
33
20
43
44
126
128
213
51
45
58
59
0
1
13
12
15
31
29
33
20
43
44
126
128
213
51
45
58
59
0
1
69
6
7
13
12
15
31
29
33
20
43
44
126
128
213
51
45
58
59
68
485
0
1
69
6
7
13
12
15
31
29
33
20
43
44
126
128
213
51
45
58
59
68
485
0
1
69
6
7
13
12
15
31
29
33
43
44
126
213
51
128
45
58
59
0
1
69
6
7
13
12
15
31
29
33
43
44
126
128
213
51
59
45
58
0
1
69
6
7
13
12
15
31
29
33
20
43
44
126
128
213
51
45
58
59
68
485
0
1
69
6
7
13
12
15
31
29
33
43
44
126
128
213
51
59
45
58
0
1
69
6
7
13
12
15
31
29
33
43
44
126
213
51
128
45
58
59
0
1
69
6
7
13
12
15
31
29
33
43
44
126
128
213
51
59
45
58
0
1
77
8
486
62
0
1
77
8
487
62
0
1
77
8
488
62
0
1
77
8
489
62
0
1
77
8
490
62
0
1
77
8
491
62
0
1
77
8
492
62
0
1
77
8
493
62
0
1
77
8
494
62
0
1
77
8
495
62
0
1
77
8
496
62
0
1
77
8
497
62
0
1
77
8
498
62
0
1
77
8
499
62
0
1
77
8
500
62
0
1
77
8
501
62
0
1
77
8
502
62
0
1
77
8
503
62
0
1
77
8
504
62
0
1
77
8
505
62
0
1
77
8
506
62
0
1
77
8
507
62
0
1
77
8
508
62
0
1
77
8
509
62
0
1
77
8
510
62
0
1
77
8
511
62
0
1
77
8
512
62
0
1
77
8
513
62
0
1
77
8
514
62
0
1
77
8
515
62
0
1
77
8
516
62
0
1
77
8
517
62
0
1
77
8
518
62
0
1
77
8
519
62
0
1
77
8
520
62
0
1
77
8
521
62
0
1
77
8
522
62
0
1
77
8
523
62
0
1
77
8
524
62
0
1
77
8
525
62
0
1
77
8
526
62
0
1
77
8
527
62
0
1
77
8
528
62
0
1
77
8
529
62
0
1
77
8
530
62
0
1
77
8
531
62
0
1
77
8
532
62
0
1
77
8
533
62
0
1
77
8
534
62
0
1
77
8
535
62
0
1
77
8
536
62
0
1
77
8
537
62
0
1
77
8
538
62
0
1
77
8
539
62
0
1
77
8
540
62
0
1
77
8
541
62
0
1
77
8
542
62
0
1
77
8
543
62
0
1
77
8
544
62
0
1
77
8
545
62
0
1
77
8
546
62
0
1
77
8
547
62
0
1
77
8
548
62
0
1
77
8
549
62
0
1
77
8
550
62
0
1
77
8
551
62
0
1
77
8
552
62
0
1
77
8
553
62
0
1
77
8
554
62
0
1
77
8
555
62
0
1
77
8
556
62
0
1
77
8
557
62
0
1
77
8
558
62
0
1
77
8
559
62
0
1
77
8
560
62
0
1
77
8
561
62
0
1
77
8
562
62
0
1
77
8
563
62
0
1
77
8
564
62
0
1
77
8
565
62
0
1
77
8
566
62
0
1
77
8
567
62
0
1
77
8
568
62
0
1
77
8
569
62
0
1
77
8
570
62
0
1
77
8
571
62
0
1
77
8
572
62
0
1
77
8
573
62
0
1
77
8
574
62
0
1
77
8
575
62
0
1
77
8
576
62
0
1
77
8
577
62
0
1
77
8
578
62
0
1
77
8
579
62
0
1
77
8
580
62
0
1
77
8
581
62
0
1
77
8
582
62
0
1
77
8
583
62
0
1
77
8
584
62
0
1
77
8
585
62
0
1
77
8
586
62
0
1
77
8
587
62
0
1
77
8
588
62
0
1
77
8
589
62
0
1
77
8
590
62
0
1
77
8
591
62
0
1
77
8
592
62
0
1
77
8
593
62
0
1
77
8
594
62
0
1
77
8
595
62
0
1
77
8
596
62
0
1
77
8
597
62
0
1
77
8
598
62
0
1
77
8
599
62
0
1
77
8
600
62
0
1
77
8
601
62
0
1
77
8
602
62
0
1
77
8
603
62
0
1
77
8
604
62
0
1
77
8
605
62
0
1
77
8
606
62
0
1
77
8
607
62
0
1
77
8
608
62
0
1
77
8
609
62
0
1
77
8
610
62
0
1
77
8
611
62
0
1
612
97
3
109
132
62
141
613
614
21
67
73
615
81
616
617
12
618
619
620
621
622
623
10
0
1
624
97
3
109
132
62
141
613
614
21
67
73
615
81
616
617
12
618
619
620
621
622
623
10
0
1
624
97
3
109
132
62
141
613
614
21
67
73
615
81
616
617
12
618
619
620
621
622
623
10
0
1
624
97
3
109
132
62
141
613
614
21
67
73
615
81
616
617
12
618
619
620
621
622
623
10
0
1
624
97
3
109
132
62
141
613
614
21
67
73
615
81
616
617
12
618
619
620
621
622
623
10
0
1
481
183
69
92
2
13
77
8
3
625
626
62
112
483
0
1
481
183
69
92
2
13
77
8
3
625
626
62
112
483
0
1
481
183
69
92
2
13
77
8
3
627
628
62
112
0
1
481
183
69
92
2
13
77
8
3
629
630
62
112
0
1
69
631
62
632
67
73
6
7
0
1
69
631
62
632
67
73
6
7
0
1
69
631
62
632
67
73
6
7
77
0
1
69
631
62
632
67
73
6
7
0
1
69
631
62
632
67
73
6
7
0
1
69
631
62
632
67
73
6
7
229
0
1
69
631
62
632
67
73
6
7
77
0
1
12
13
83
3
98
7
221
84
6
24
9
8
633
88
634
4
15
92
16
69
635
0
1
12
13
83
3
98
7
221
5
6
24
9
8
636
88
634
4
15
92
16
69
635
0
1
12
13
83
3
98
7
221
5
6
24
9
8
637
88
634
4
15
92
16
69
635
0
1
12
13
83
3
98
7
221
5
6
24
9
8
638
88
634
4
15
92
16
69
635
0
1
12
13
83
3
98
7
221
84
6
24
9
8
639
88
634
4
15
92
16
69
635
0
1
12
13
83
3
98
7
221
84
6
24
9
8
640
88
634
4
15
92
16
69
635
0
1
12
13
83
3
98
7
221
84
6
24
9
8
641
88
634
4
15
92
16
69
635
0
1
12
13
83
3
98
7
221
84
6
24
9
8
640
88
634
4
15
92
16
69
635
0
1
12
13
83
3
98
7
221
84
6
24
9
8
642
88
634
4
15
92
16
69
635
0
1
12
13
83
3
98
7
221
5
6
24
9
8
643
88
634
4
15
92
16
69
635
0
1
12
13
83
3
98
7
221
5
6
24
9
8
643
88
634
4
15
92
16
69
635
0
1
12
13
83
3
98
7
221
84
6
24
9
8
633
88
634
4
15
92
16
69
635
0
1
12
13
83
3
98
7
221
84
6
24
9
8
644
88
634
4
15
92
16
69
635
0
1
12
13
83
3
98
7
221
5
6
24
9
8
645
88
634
4
15
92
16
69
635
0
1
12
13
83
3
98
7
221
84
6
24
9
8
646
88
634
4
15
92
16
69
635
0
1
12
13
83
3
98
7
221
5
6
24
9
8
643
88
634
4
15
92
16
69
635
0
1
12
13
83
3
98
7
221
84
6
24
9
8
641
88
634
4
15
92
16
69
635
0
1
12
13
83
3
98
7
221
5
6
24
9
8
636
88
634
4
15
92
16
69
635
0
1
12
13
83
3
98
7
221
5
6
24
9
8
647
88
634
4
15
92
16
69
635
0
1
12
13
83
3
98
7
221
84
6
24
9
8
642
88
634
4
15
92
16
69
635
0
1
12
13
83
3
98
7
221
5
6
24
9
8
638
88
634
4
15
92
16
69
635
0
1
12
13
83
3
98
7
221
84
6
24
9
8
648
88
634
4
15
92
16
69
635
0
1
12
13
83
3
98
7
221
5
6
24
9
8
645
88
634
4
15
92
16
69
635
0
1
12
13
83
3
98
7
221
84
6
24
9
8
646
88
634
4
15
92
16
69
635
0
1
12
13
83
3
98
7
221
5
6
24
9
8
643
88
634
4
15
92
16
69
635
0
1
12
13
83
3
98
7
221
84
6
24
9
8
641
88
634
4
15
92
16
69
635
0
1
12
13
83
3
98
7
221
84
6
24
9
8
639
88
634
4
15
92
16
69
635
0
1
12
13
83
3
98
7
221
84
6
24
9
8
642
88
634
4
15
92
16
69
635
0
1
12
13
83
3
98
7
221
84
6
24
9
8
633
88
634
4
15
92
16
69
635
0
1
12
13
83
3
98
7
221
84
6
24
9
8
633
88
634
4
15
92
16
69
635
0
1
12
13
83
3
98
7
221
84
6
24
9
8
639
88
634
4
15
92
16
69
635
0
1
12
13
83
3
98
7
221
5
6
24
9
8
645
88
634
4
15
92
16
69
635
0
1
12
13
83
3
98
7
221
84
6
24
9
8
646
88
634
4
15
92
16
69
635
0
1
12
13
83
3
98
7
221
5
6
24
9
8
649
88
634
4
15
92
16
69
635
0
1
12
13
83
3
98
7
221
84
6
24
9
8
641
88
634
4
15
92
16
69
635
0
1
12
13
83
3
98
7
221
5
6
24
9
8
647
88
634
4
15
92
16
69
635
0
1
12
13
83
3
98
7
221
84
6
24
9
8
650
88
634
4
15
92
16
69
635
0
1
12
13
83
3
98
7
221
5
6
24
9
8
637
88
634
4
15
92
16
69
635
0
1
12
13
83
3
98
7
221
5
6
24
9
8
651
88
634
4
15
92
16
69
635
0
1
12
13
83
3
98
7
221
5
6
24
9
8
652
88
634
4
15
92
16
69
635
0
1
21
6
7
12
13
83
3
98
221
84
24
9
8
653
88
634
4
15
92
16
69
635
0
1
21
6
7
12
13
83
3
98
221
84
24
9
8
654
88
634
4
15
92
16
69
635
0
1
21
6
7
12
13
83
3
98
221
84
24
9
8
654
88
634
4
15
92
16
69
635
0
1
21
6
7
12
13
83
3
98
221
84
24
9
8
653
88
634
4
15
92
16
69
635
0
1
21
6
7
12
13
83
3
98
221
84
24
9
8
654
88
634
4
15
92
16
69
635
0
1
21
6
7
12
13
83
3
98
221
84
24
9
8
653
88
634
4
15
92
16
69
635
0
1
21
6
7
12
13
83
3
98
221
84
24
9
8
654
88
634
4
15
92
16
69
635
0
1
655
656
6
7
73
657
658
62
659
481
0
1
655
656
6
7
73
657
658
62
659
481
0
1
655
656
6
7
73
657
658
62
659
481
0
1
655
656
6
7
73
657
658
62
659
481
0
1
655
656
6
7
73
657
658
62
659
481
0
1
655
656
6
7
73
657
658
62
659
481
0
1
655
656
6
7
73
657
658
62
659
481
0
1
655
656
6
7
73
657
658
62
659
481
0
1
67
6
7
69
0
1
67
6
7
69
0
1
67
6
7
69
0
1
67
6
7
69
0
1
67
6
7
69
0
1
67
6
7
69
0
1
67
6
7
69
0
1
67
6
7
69
0
1
67
6
7
69
0
1
67
6
7
69
0
1
67
6
7
69
0
1
29
6
7
69
0
1
67
6
7
69
0
1
67
6
7
69
0
1
67
6
7
69
0
1
67
6
7
69
0
1
67
6
7
69
0
1
4
6
7
69
0
1
4
6
7
69
0
1
3
6
7
69
0
1
3
6
7
69
0
1
4
6
7
69
0
1
91
6
7
69
0
1
660
6
7
69
0
1
3
6
7
69
0
1
661
6
7
69
0
1
67
69
662
7
0
1
29
69
485
7
0
1
663
69
485
7
0
1
29
69
485
7
0
1
664
69
665
7
0
1
663
69
485
7
0
1
664
69
662
7
0
1
29
69
485
7
0
1
663
69
485
7
0
1
83
69
485
7
0
1
83
69
485
7
0
1
664
69
662
7
0
1
29
69
485
7
0
1
663
69
485
7
0
1
666
69
485
7
0
1
667
67
3
62
63
668
669
29
84
6
7
109
10
0
1
670
67
3
62
63
668
671
29
84
6
7
109
10
0
1
672
67
3
62
63
668
673
29
84
6
7
109
10
0
1
674
67
3
62
63
668
675
29
84
6
7
109
10
0
1
676
67
3
62
63
668
677
29
84
6
7
109
10
0
1
678
67
3
62
63
668
679
29
84
6
7
109
10
0
1
680
67
3
62
63
668
681
29
84
6
7
109
10
0
1
108
9
109
2
13
14
8
15
16
682
0
1
108
9
109
2
13
14
8
15
16
682
0
1
108
9
109
2
13
14
8
15
16
682
0
1
108
9
109
2
13
14
8
15
16
682
0
1
108
9
109
2
13
14
8
15
16
682
0
1
183
71
7
3
5
6
108
9
109
2
13
14
8
15
16
682
0
1
183
71
7
3
5
6
108
9
109
2
13
14
8
15
16
682
0
1
183
71
7
3
5
6
108
9
109
2
13
14
8
15
16
682
0
1
183
71
7
3
5
6
108
9
109
2
13
14
8
15
16
682
0
1
71
7
3
5
6
9
10
11
12
2
13
14
8
15
16
682
0
1
71
7
3
5
6
108
9
109
2
13
14
8
15
16
682
0
1
71
7
3
5
6
9
10
11
12
2
13
14
8
15
16
682
0
1
71
7
3
5
6
108
9
109
2
13
14
8
15
16
682
0
1
71
7
3
5
6
9
10
11
12
2
13
14
8
15
16
682
0
1
71
7
3
5
6
108
9
109
2
13
14
8
15
16
682
0
1
71
7
3
5
6
108
9
109
2
13
14
8
15
16
682
0
1
71
7
3
5
6
9
10
11
12
2
13
14
8
15
16
682
0
1
67
71
7
3
5
6
108
9
109
2
13
14
8
15
16
682
0
1
67
71
7
3
5
6
108
9
109
2
13
14
8
15
16
682
0
1
67
71
7
3
5
6
108
9
109
2
13
14
8
15
16
682
0
1
67
71
7
3
5
6
108
9
109
2
13
14
8
15
16
682
0
1
67
71
7
3
5
6
108
9
109
2
13
8
69
683
81
662
92
16
682
0
1
67
71
7
3
5
6
108
9
109
2
13
14
8
15
16
682
0
1
67
71
7
3
5
6
108
9
109
2
13
14
8
15
16
682
0
1
8
71
7
3
5
6
12
83
13
24
15
92
16
69
635
0
1
684
665
7
3
5
6
108
9
109
2
13
8
16
682
0
1
685
665
7
3
5
6
108
9
109
2
13
8
16
682
0
1
686
665
7
3
5
6
108
9
109
2
13
8
16
682
0
1
687
665
7
3
5
6
108
9
109
2
13
8
16
682
0
1
684
665
7
3
5
6
108
9
109
2
13
8
16
682
0
1
688
665
7
3
5
6
108
9
109
2
13
8
16
682
0
1
686
665
7
3
5
6
108
9
109
2
13
8
16
682
0
1
684
665
7
3
5
6
108
9
109
2
13
8
16
682
0
1
687
665
7
3
5
6
108
9
109
2
13
8
16
682
0
1
689
665
7
3
5
6
108
9
109
2
13
8
16
682
0
1
688
665
7
3
5
6
108
9
109
2
13
8
16
682
0
1
685
665
7
3
5
6
108
9
109
2
13
8
16
682
0
1
686
665
7
3
5
6
108
9
109
2
13
8
16
682
0
1
684
665
7
3
5
6
108
9
109
2
13
8
16
682
0
1
685
665
7
3
5
6
108
9
109
2
13
8
16
682
0
1
690
665
7
3
5
6
108
9
109
2
13
8
16
682
0
1
688
665
7
3
5
6
108
9
109
2
13
8
16
682
0
1
686
665
7
3
5
6
108
9
109
2
13
8
16
682
0
1
691
665
7
3
5
6
108
9
109
2
13
8
16
682
0
1
684
665
7
3
5
6
108
9
109
2
13
8
16
682
0
1
687
665
7
3
5
6
108
9
109
2
13
8
16
682
0
1
688
665
7
3
5
6
108
9
109
2
13
8
16
682
0
1
685
665
7
3
5
6
108
9
109
2
13
8
16
682
0
1
692
67
98
7
3
5
6
108
9
109
2
13
8
69
683
81
662
92
16
682
0
1
692
67
98
7
3
5
6
108
9
109
2
13
8
69
683
81
662
92
16
682
0
1
692
67
98
7
3
5
6
108
9
109
2
13
8
69
683
81
662
92
16
682
0
1
9
686
665
7
3
5
6
108
109
2
13
8
16
682
0
1
692
67
98
7
3
5
6
108
9
109
2
13
8
69
683
81
662
92
16
682
0
1
67
71
7
3
5
6
693
83
23
80
25
147
694
695
9
31
696
697
0
1
67
71
7
3
5
6
693
83
23
80
25
147
694
695
9
31
696
697
0
1
67
71
7
3
5
6
693
83
23
80
25
147
694
695
9
31
696
697
0
1
67
71
7
3
5
6
693
83
23
80
25
147
694
695
9
31
696
697
0
1
67
71
7
3
5
6
693
83
23
80
25
147
694
695
9
31
696
697
0
1
67
71
7
3
5
6
693
83
23
80
25
147
694
695
9
31
696
697
0
1
67
71
7
3
5
6
693
83
23
80
25
147
694
695
9
31
696
697
0
1
9
474
698
51
169
21
696
699
34
700
44
33
132
701
702
703
704
43
82
705
482
54
706
29
53
707
708
58
59
0
1
9
474
698
51
169
21
696
699
34
700
44
33
132
701
702
703
704
43
82
29
705
482
54
53
706
708
707
58
59
0
1
9
474
698
51
169
21
696
699
34
700
44
33
132
701
702
703
704
43
82
29
705
54
706
482
707
58
59
53
708
0
1
9
474
213
51
169
21
696
699
34
709
44
33
132
710
702
703
711
43
82
29
712
54
53
708
482
713
59
58
0
1
9
474
213
51
169
21
696
699
34
709
44
33
132
710
702
703
711
43
82
29
712
482
54
53
708
713
58
59
0
1
9
474
698
51
169
21
696
699
34
700
44
33
132
701
702
703
704
43
82
705
482
54
706
29
53
707
708
58
59
0
1
9
474
213
51
169
21
696
699
34
709
44
33
132
710
702
703
711
43
82
29
712
482
54
53
708
713
58
59
0
1
9
474
698
51
169
21
696
699
34
700
44
33
132
701
702
703
704
43
82
29
705
482
54
53
706
708
707
58
59
0
1
9
474
213
51
169
21
696
699
34
709
44
33
132
710
702
703
711
43
82
29
712
482
54
53
708
713
58
59
0
1
9
474
213
51
169
21
696
699
34
709
44
33
132
710
702
703
711
43
82
29
712
54
53
708
482
713
59
58
0
1
9
474
698
51
169
21
696
699
34
700
44
33
132
701
702
703
704
43
82
29
705
482
54
53
706
708
707
58
59
0
1
9
474
698
51
169
21
696
699
34
700
44
33
132
701
702
703
704
43
82
705
482
54
706
29
53
707
708
58
59
0
1
9
474
213
51
169
21
696
699
34
709
44
33
132
710
702
703
711
43
82
29
712
54
53
708
482
713
59
58
0
1
9
474
698
51
169
21
696
699
34
700
44
33
132
701
702
703
704
43
82
29
705
482
54
53
706
708
707
58
59
0
1
9
474
213
51
169
21
696
699
34
709
44
33
132
710
702
703
711
43
29
82
712
54
482
53
713
58
708
59
0
1
9
474
698
51
169
21
696
699
34
700
44
33
132
701
702
703
704
43
82
705
482
54
706
29
53
707
708
58
59
0
1
9
474
213
51
169
21
696
699
34
709
44
33
132
710
702
703
711
43
82
29
712
54
53
708
482
713
59
58
0
1
9
474
213
51
169
21
696
699
34
709
44
33
132
710
702
703
711
43
82
29
712
482
54
53
708
713
58
59
0
1
9
474
698
51
169
21
696
699
34
700
44
33
132
701
702
703
704
43
82
29
705
482
54
53
706
708
707
58
59
0
1
9
10
11
2
13
12
714
23
188
52
189
49
44
31
29
33
18
715
179
19
20
32
43
716
54
53
55
717
51
718
126
87
59
45
58
3
6
17
7
151
719
0
1
9
10
11
2
13
12
714
23
188
52
189
49
44
31
29
33
18
715
179
19
20
32
43
716
54
53
55
717
51
718
126
87
58
59
45
719
0
1
9
10
11
2
13
12
714
23
188
52
189
49
44
31
29
33
18
715
179
19
20
32
43
716
54
53
55
717
51
718
126
87
58
59
45
17
151
719
0
1
9
10
11
2
13
12
714
23
188
52
189
49
44
31
29
33
18
715
179
19
20
32
43
716
54
53
55
717
51
718
126
87
59
45
58
3
6
17
7
151
719
0
1
9
10
11
2
13
12
714
23
188
52
189
49
44
31
29
33
18
715
179
19
20
32
43
716
54
53
55
717
51
718
126
87
58
59
45
3
6
7
17
151
719
0
1
9
10
11
2
13
12
714
23
188
52
189
49
44
31
29
33
18
715
179
19
20
32
43
716
54
53
55
717
51
718
126
87
58
45
59
719
0
1
9
10
11
2
13
12
714
23
188
52
189
49
44
31
29
33
18
715
179
19
20
32
43
716
54
53
55
717
51
718
126
87
58
59
45
719
0
1
9
10
11
2
13
12
714
23
188
52
189
49
44
31
29
33
18
715
179
19
20
32
43
716
54
53
55
717
51
718
126
87
58
59
45
17
151
719
0
1
9
10
11
2
13
12
714
23
188
52
189
49
44
31
29
33
18
715
179
19
20
32
43
716
54
53
55
717
51
718
126
87
59
45
58
3
6
17
7
151
719
0
1
9
10
11
2
13
12
714
23
188
52
189
49
44
31
29
33
18
715
179
19
20
32
43
716
54
53
55
717
51
718
126
87
58
59
45
3
6
7
17
151
719
0
1
9
10
11
2
13
12
714
23
188
52
189
49
44
31
29
33
18
715
179
19
20
32
43
716
54
53
55
717
51
718
126
87
58
45
59
719
0
1
9
10
11
2
13
12
714
23
188
52
189
49
44
31
29
33
18
715
179
19
20
32
43
716
54
53
55
717
51
718
126
87
58
59
45
719
0
1
9
10
11
2
13
12
714
23
188
52
189
49
44
31
29
33
18
715
179
19
20
32
43
716
54
53
55
717
51
718
126
87
58
59
45
17
151
719
0
1
9
10
11
2
13
12
714
23
188
52
189
49
44
31
29
33
18
715
179
19
20
32
43
716
54
53
55
717
51
718
126
87
59
45
58
3
6
17
7
151
719
0
1
9
10
11
2
13
12
714
23
188
52
189
49
44
31
29
33
18
715
179
19
20
32
43
716
54
53
55
717
51
718
126
87
58
59
45
3
6
7
17
151
719
0
1
720
721
722
21
3
5
634
6
7
12
83
723
30
62
632
160
98
221
84
9
482
724
0
1
725
726
722
21
3
5
634
6
7
12
83
723
30
62
632
160
98
221
84
727
23
695
43
708
697
0
1
728
729
722
21
3
5
634
6
7
12
83
723
30
62
632
160
98
221
84
730
0
1
731
732
722
21
3
5
634
6
7
12
83
723
30
62
632
160
98
221
84
2
0
1
733
734
722
21
3
5
634
6
7
12
83
723
30
62
632
160
98
221
84
2
735
0
1
736
737
722
21
3
5
634
6
7
12
83
723
30
62
632
160
98
221
84
70
0
1
728
729
722
21
3
5
634
6
7
12
83
723
30
62
632
160
98
221
84
730
0
1
725
726
722
21
3
5
634
6
7
12
83
723
30
62
632
160
98
221
84
727
23
695
43
708
697
0
1
731
732
722
21
3
5
634
6
7
12
83
723
30
62
632
160
98
221
84
2
0
1
720
721
722
21
3
5
634
6
7
12
83
723
30
62
632
160
98
221
84
9
482
724
0
1
733
734
722
21
3
5
634
6
7
12
83
723
30
62
632
160
98
221
84
2
735
0
1
728
729
722
21
3
5
634
6
7
12
83
723
30
62
632
160
98
221
84
730
0
1
738
739
722
21
3
5
634
6
7
12
83
723
30
62
632
160
98
221
84
9
482
740
0
1
725
726
722
21
3
5
634
6
7
12
83
723
30
62
632
160
98
221
84
727
23
695
43
708
697
0
1
731
732
722
21
3
5
634
6
7
12
83
723
30
62
632
160
98
221
84
2
0
1
736
737
722
21
3
5
634
6
7
12
83
723
30
62
632
160
98
221
84
70
0
1
720
721
722
21
3
5
634
6
7
12
83
723
30
62
632
160
98
221
84
9
482
724
0
1
728
729
722
21
3
5
634
6
7
12
83
723
30
62
632
160
98
221
84
730
0
1
725
726
722
21
3
5
634
6
7
12
83
723
30
62
632
160
98
221
84
727
23
695
43
708
697
0
1
720
721
722
21
3
5
634
6
7
12
83
723
30
62
632
160
98
221
84
9
482
724
0
1
69
741
485
7
0
1
69
742
485
7
0
1
69
743
485
7
0
1
69
741
485
7
0
1
69
744
485
7
0
1
69
741
485
7
0
1
69
745
485
7
0
1
69
746
485
7
0
1
69
68
485
7
0
1
69
741
485
7
0
1
69
747
485
7
0
1
69
748
485
7
0
1
69
749
485
7
0
1
69
750
485
7
0
1
69
746
485
7
0
1
69
741
485
7
0
1
69
751
485
7
0
1
69
752
485
7
0
1
69
743
485
7
0
1
69
745
485
7
0
1
69
753
485
7
0
1
754
3
5
62
63
67
0
1
755
3
5
62
63
67
0
1
756
3
5
62
63
67
0
1
757
3
5
62
63
67
0
1
758
3
5
62
63
67
0
1
759
3
5
62
63
67
0
1
760
3
5
62
63
67
0
1
761
3
5
62
63
67
0
1
762
3
5
62
63
67
0
1
763
3
5
62
63
67
0
1
764
3
5
62
63
67
0
1
765
3
5
62
63
67
0
1
766
3
5
62
63
67
0
1
767
3
5
62
63
67
0
1
768
3
5
62
63
67
0
1
769
3
5
62
63
67
0
1
770
3
5
62
63
67
0
1
771
3
5
62
63
67
0
1
772
3
5
62
63
67
0
1
773
3
5
62
63
67
0
1
774
3
5
62
63
67
0
1
756
3
5
62
63
67
0
1
775
3
5
62
63
67
0
1
759
3
5
62
63
67
0
1
776
3
5
62
63
67
0
1
777
3
5
62
63
67
0
1
778
3
5
62
63
67
0
1
779
3
5
62
63
67
0
1
756
3
5
62
63
67
0
1
758
3
5
62
63
67
0
1
760
3
5
62
63
67
0
1
780
3
5
62
63
67
0
1
757
3
5
62
63
67
0
1
772
3
5
62
63
67
0
1
781
3
5
62
63
67
0
1
768
3
5
62
63
67
0
1
765
3
5
62
63
67
0
1
782
3
5
62
63
67
0
1
775
3
5
62
63
67
0
1
759
3
5
62
63
67
0
1
783
3
5
62
63
67
0
1
784
3
5
62
63
67
0
1
767
3
5
62
63
67
0
1
769
3
5
62
63
67
0
1
785
3
5
62
63
67
0
1
786
3
5
62
63
67
0
1
770
3
5
62
63
67
0
1
773
3
5
62
63
67
0
1
787
3
5
62
63
67
0
1
776
3
5
62
63
67
0
1
788
3
5
62
63
67
0
1
789
3
5
62
63
67
0
1
761
3
5
62
63
67
0
1
790
3
5
62
63
67
0
1
791
3
5
62
63
67
0
1
792
3
5
62
63
67
0
1
766
3
5
62
63
67
0
1
793
3
5
62
63
67
0
1
794
3
5
62
63
67
0
1
764
3
5
62
63
67
0
1
777
3
5
62
63
67
0
1
795
3
5
62
63
67
0
1
778
3
5
62
63
67
0
1
779
3
5
62
63
67
0
1
756
3
5
62
63
67
0
1
758
3
5
62
63
67
0
1
760
3
5
62
63
67
0
1
796
3
5
62
63
67
0
1
763
3
5
62
63
67
0
1
780
3
5
62
63
67
0
1
772
3
5
62
63
67
0
1
781
3
5
62
63
67
0
1
768
3
5
62
63
67
0
1
765
3
5
62
63
67
0
1
797
3
5
62
63
67
0
1
775
3
5
62
63
67
0
1
759
3
5
62
63
67
0
1
784
3
5
62
63
67
0
1
767
3
5
62
63
67
0
1
769
3
5
62
63
67
0
1
798
3
5
62
63
67
0
1
785
3
5
62
63
67
0
1
799
3
5
62
63
67
0
1
786
3
5
62
63
67
0
1
770
3
5
62
63
67
0
1
773
3
5
62
63
67
0
1
787
3
5
62
63
67
0
1
776
3
5
62
63
67
0
1
800
3
5
62
63
67
0
1
761
3
5
62
63
67
0
1
801
3
5
62
63
67
0
1
802
3
5
62
63
67
0
1
754
3
5
62
63
67
0
1
792
3
5
62
63
67
0
1
766
3
5
62
63
67
0
1
793
3
5
62
63
67
0
1
803
3
5
62
63
67
0
1
804
3
5
62
63
67
0
1
805
3
5
62
63
67
0
1
764
3
5
62
63
67
0
1
777
3
5
62
63
67
0
1
806
3
5
62
63
67
0
1
807
3
5
62
63
67
0
1
808
3
5
62
63
67
0
1
756
3
5
62
63
67
0
1
760
3
5
62
63
67
0
1
780
3
5
62
63
67
0
1
768
3
5
62
63
67
0
1
809
3
5
62
63
67
0
1
765
3
5
62
63
67
0
1
810
3
5
62
63
67
0
1
774
3
5
62
63
67
0
1
811
3
5
62
63
67
0
1
775
3
5
62
63
67
0
1
759
3
5
62
63
67
0
1
784
3
5
62
63
67
0
1
767
3
5
62
63
67
0
1
769
3
5
62
63
67
0
1
812
3
5
62
63
67
0
1
770
3
5
62
63
67
0
1
773
3
5
62
63
67
0
1
787
3
5
62
63
67
0
1
776
3
5
62
63
67
0
1
788
3
5
62
63
67
0
1
761
3
5
62
63
67
0
1
754
3
5
62
63
67
0
1
813
3
5
62
63
67
0
1
814
3
5
62
63
67
0
1
794
3
5
62
63
67
0
1
815
3
5
62
63
67
0
1
816
3
5
62
63
67
0
1
777
3
5
62
63
67
0
1
806
3
5
62
63
67
0
1
817
3
5
62
63
67
0
1
12
818
3
5
62
63
67
0
1
24
13
2
819
9
696
8
820
109
83
0
1
24
13
2
819
12
30
62
9
109
83
0
1
24
13
2
819
12
30
62
9
109
83
0
1
24
13
2
819
9
696
8
820
109
83
0
1
24
13
2
819
12
30
62
9
109
83
0
1
77
8
87
232
0
1
77
8
87
232
0
1
463
8
29
232
0
1
77
8
87
232
0
1
77
8
87
232
0
1
77
8
87
232
0
1
11
821
822
484
823
614
29
715
147
0
1
11
821
822
484
823
614
29
715
147
659
0
1
11
821
822
484
823
614
29
715
147
659
0
1
11
821
822
484
823
614
29
715
147
659
0
1
69
6
7
694
3
824
0
1
69
6
7
694
3
824
0
1
69
6
7
694
3
824
0
1
12
2
695
9
95
56
70
666
0
1
77
8
3
6
7
33
183
160
63
97
21
29
5
0
1
6
7
3
69
33
825
102
8
826
13
2
827
21
828
655
829
830
831
832
132
833
834
835
163
836
837
838
839
0
1
12
8
21
5
33
183
192
9
474
3
6
7
154
97
0
1
13
12
71
7
3
5
6
840
62
63
67
0
1
71
7
664
3
841
5
842
6
148
0
1
3
62
6
7
12
2
83
159
4
161
160
9
85
86
29
10
87
8
88
89
69
23
16
0
1
71
7
843
3
844
5
845
6
14
21
19
8
23
846
847
18
33
138
148
100
9
29
0
1
12
8
21
5
33
70
13
471
83
3
98
7
221
84
6
24
9
650
88
634
4
15
92
16
69
90
848
91
94
23
95
19
96
18
179
0
1
849
157
850
78
111
31
79
44
133
851
9
0
1
12
9
484
151
18
117
23
118
852
24
25
26
27
70
45
853
149
0
1
854
69
3
98
7
60
0
1
183
685
665
7
3
5
6
108
9
109
2
13
8
16
682
0
1
855
12
2
83
87
21
8
232
0
1
6
7
147
29
3
5
2
13
77
183
92
69
856
857
62
112
0
1
53
858
73
820
9
19
859
10
0
1
860
861
149
73
0
1
862
52
97
695
863
44
43
864
45
80
865
694
866
53
6
7
0
1
3
183
867
68
868
869
53
154
10
151
0
1
77
12
8
23
820
29
9
21
870
19
10
83
183
98
7
221
62
3
5
