0
1
2
3
4
5
6
7
8
9
10
11
12
13
14
15
16
17
18
19
20
21
22
0
1
2
3
4
6
7
8
9
10
11
13
14
15
16
17
18
19
20
23
24
25
26
0
1
2
3
4
5
6
7
8
9
10
11
13
14
15
16
17
18
19
20
22
0
1
2
3
4
6
7
8
9
10
11
13
14
15
16
17
18
19
20
23
24
25
26
0
1
2
3
4
5
6
7
8
9
10
11
13
14
15
16
17
18
19
20
22
0
1
2
3
4
5
6
7
8
9
10
11
13
14
15
16
17
18
19
20
21
22
0
1
2
3
4
5
6
7
8
9
10
11
12
13
14
15
16
17
18
19
20
21
22
0
1
2
3
4
5
6
7
8
9
10
11
13
14
15
16
17
18
19
20
21
22
0
1
2
3
4
5
6
7
8
9
10
11
12
13
14
15
16
17
18
19
20
21
22
0
1
27
28
29
2
0
1
27
28
30
2
0
1
27
28
29
2
0
1
27
28
30
2
0
1
27
28
30
2
0
1
5
31
8
32
7
0
1
30
31
8
32
7
0
1
5
31
8
32
7
0
1
5
31
8
32
7
0
1
30
31
8
32
7
0
1
28
31
8
32
7
0
1
28
31
8
33
7
0
1
34
9
35
36
37
2
0
1
34
9
35
36
37
2
0
1
34
9
35
36
37
2
0
1
34
9
35
36
37
2
0
1
34
9
35
36
37
2
0
1
34
9
35
36
37
2
0
1
34
9
35
36
37
2
0
1
18
11
38
9
39
40
4
17
35
41
42
43
32
44
45
3
46
47
48
49
50
51
52
53
54
55
56
57
58
59
60
61
62
63
64
65
66
67
68
69
70
0
1
11
38
9
39
40
4
18
17
35
41
42
43
32
44
45
3
46
47
48
49
50
51
52
53
54
55
56
57
58
71
60
59
63
69
61
62
64
67
65
68
66
70
0
1
11
38
9
35
39
40
4
42
17
18
41
43
32
44
45
3
46
47
48
49
50
51
52
53
60
61
54
56
57
58
71
72
59
63
69
62
64
65
67
68
66
70
0
1
11
38
9
35
39
40
4
42
17
18
41
43
32
44
45
3
46
47
48
49
50
51
52
53
60
61
54
56
57
58
71
72
59
63
69
62
64
65
67
68
66
70
0
1
11
38
9
39
40
4
18
17
35
41
42
43
32
44
45
3
46
47
48
49
50
51
52
53
54
55
56
57
58
71
60
61
59
63
69
62
64
65
67
68
66
70
0
1
11
38
9
35
39
40
4
42
17
18
41
43
32
44
45
3
46
47
48
49
50
51
52
53
60
61
54
56
57
58
71
72
59
63
69
62
64
65
67
68
66
70
0
1
11
38
9
35
39
40
4
42
17
18
41
43
32
44
45
3
46
47
48
49
50
51
52
53
60
61
54
56
57
58
71
72
59
63
69
62
64
65
67
68
66
70
0
1
11
38
9
39
40
4
18
17
35
41
42
43
32
44
45
3
46
47
48
49
50
51
52
53
54
55
56
57
58
71
60
61
59
63
69
62
64
65
67
68
66
70
0
1
11
38
9
35
39
40
4
42
17
18
41
43
32
44
45
3
46
47
48
49
50
51
52
53
60
61
54
56
57
58
71
72
59
63
69
62
64
65
67
68
66
70
0
1
11
38
9
18
35
39
40
4
42
17
41
43
32
44
45
3
46
47
48
49
50
51
52
53
60
61
54
56
57
58
71
72
63
69
64
65
67
59
68
66
62
70
0
1
73
74
32
30
75
76
77
8
0
1
78
79
32
80
30
75
76
77
8
0
1
81
82
32
30
75
76
77
8
0
1
83
84
32
30
75
76
77
8
0
1
81
82
32
30
75
76
77
8
0
1
35
85
86
87
38
34
88
18
45
89
90
24
0
1
35
85
86
87
38
34
88
18
45
89
90
24
0
1
35
85
86
87
38
34
44
88
18
45
89
90
24
0
1
35
85
86
87
38
34
88
18
45
89
90
24
0
1
35
85
86
87
38
34
88
18
45
89
90
24
0
1
32
5
7
8
0
1
35
5
7
8
0
1
35
5
7
8
0
1
32
5
7
8
0
1
32
5
7
8
0
1
32
5
7
8
0
1
35
5
7
8
0
1
32
5
7
8
0
1
32
5
7
8
0
1
34
11
45
70
91
4
16
92
58
72
55
93
60
94
62
95
0
1
34
11
45
70
91
4
16
92
58
72
55
93
60
94
62
95
0
1
34
11
45
70
91
4
16
92
58
72
55
93
60
94
62
95
0
1
34
11
45
70
91
4
16
92
58
72
55
93
60
94
62
95
0
1
34
11
45
70
91
4
16
92
58
72
55
93
60
94
62
95
0
1
34
11
45
70
91
4
16
92
58
72
55
94
62
95
93
60
0
1
34
11
45
70
91
4
16
92
58
72
55
93
60
94
62
95
0
1
96
34
11
45
91
4
16
70
92
58
72
55
93
60
94
62
95
0
1
34
11
45
70
91
4
16
92
58
72
55
93
60
94
62
95
0
1
34
11
45
70
91
4
16
92
58
72
55
93
60
94
62
95
0
1
34
11
45
70
91
4
16
92
58
72
55
93
60
94
62
95
0
1
34
11
45
70
91
4
16
92
58
55
72
93
60
62
95
94
0
1
34
11
45
70
91
4
16
92
58
72
55
93
60
94
62
95
0
1
34
11
45
70
91
4
16
92
58
72
55
93
60
94
62
95
0
1
34
11
45
70
91
4
16
92
58
72
55
93
94
60
62
95
0
1
96
34
11
45
91
4
16
70
92
58
72
55
93
60
94
62
95
0
1
34
11
45
70
91
4
16
92
58
72
55
93
60
94
62
95
0
1
34
11
45
70
91
4
16
92
58
72
55
93
60
94
62
95
0
1
5
7
8
11
97
35
98
24
18
99
0
1
5
7
8
11
97
35
98
24
100
0
1
5
7
8
11
97
35
98
24
9
101
0
1
5
7
8
11
97
35
98
24
23
0
1
5
7
8
11
97
35
98
24
9
0
1
5
7
8
11
97
35
98
24
23
0
1
5
7
8
11
97
35
98
24
23
44
0
1
5
7
8
11
97
35
98
24
19
0
1
5
7
8
11
97
35
98
24
23
0
1
5
7
8
11
97
35
98
24
0
1
5
7
8
11
97
35
98
24
18
99
0
1
11
34
9
5
77
8
102
103
7
104
35
18
45
105
85
32
106
0
1
107
11
34
9
77
8
102
5
103
7
104
35
18
45
105
85
32
106
0
1
5
11
34
9
77
8
102
103
7
104
35
18
45
105
85
32
106
108
0
1
11
34
9
5
77
8
102
6
7
104
35
18
45
105
85
32
106
0
1
11
34
9
5
77
8
102
6
7
104
35
18
45
105
85
32
106
0
1
5
11
34
9
77
8
102
103
7
104
35
18
45
105
85
32
106
108
0
1
11
34
9
5
77
8
102
6
7
104
35
18
45
105
85
32
106
0
1
11
34
9
5
77
8
102
103
7
104
35
18
45
105
85
32
106
0
1
11
34
9
5
77
8
102
103
7
104
35
18
45
105
85
32
106
0
1
9
11
34
77
8
102
5
103
7
104
35
18
45
105
85
32
106
108
0
1
11
34
9
109
77
8
102
5
103
7
104
35
18
45
105
85
32
106
0
1
11
34
9
109
77
8
102
5
103
7
104
35
18
45
105
85
32
106
0
1
11
34
9
5
77
8
102
6
7
104
35
18
45
105
85
32
106
0
1
11
34
9
5
77
8
102
103
7
104
35
18
45
105
85
32
106
0
1
11
110
38
9
18
111
76
112
75
7
8
35
39
40
4
42
17
41
43
32
44
85
0
1
11
110
38
9
18
111
76
112
75
7
8
35
39
40
4
42
17
41
43
32
44
85
0
1
11
38
9
111
76
112
75
7
8
35
39
40
4
42
17
18
41
43
32
44
85
0
1
11
38
9
18
111
76
75
112
113
7
8
35
39
40
4
42
17
41
43
32
44
85
0
1
11
38
9
18
111
76
75
112
113
7
8
35
39
40
4
42
17
41
43
32
44
85
0
1
11
38
9
111
76
112
75
7
8
35
39
40
4
42
17
18
41
43
32
44
85
0
1
11
38
9
18
111
76
112
75
7
8
35
39
40
4
42
17
41
43
32
44
85
0
1
11
110
38
9
18
111
76
112
75
7
8
35
39
40
4
42
17
41
43
32
44
85
0
1
11
110
38
9
18
111
76
112
75
7
8
35
39
40
4
42
17
41
43
32
44
85
0
1
11
110
38
9
18
111
76
112
75
7
8
35
39
40
4
42
17
41
43
32
44
85
0
1
11
38
9
111
76
112
75
7
8
35
39
40
4
42
17
18
41
43
32
44
85
0
1
11
38
9
18
111
76
112
75
7
8
35
39
40
4
42
17
41
43
32
44
85
0
1
99
0
1
99
0
1
99
0
1
99
0
1
99
0
1
99
0
1
99
0
1
99
0
1
99
0
1
99
0
1
11
34
45
91
4
16
92
58
72
55
93
60
94
62
95
0
1
11
34
45
91
4
16
92
58
72
55
93
60
94
62
95
0
1
34
11
45
91
4
16
92
58
72
55
93
60
94
62
95
0
1
11
34
45
91
4
16
92
58
72
55
93
60
94
62
95
0
1
34
11
45
91
4
16
92
58
72
55
93
60
94
62
95
0
1
11
34
45
91
4
16
92
58
72
55
93
60
94
62
95
0
1
11
34
9
35
98
5
77
8
102
103
7
104
18
114
41
30
76
45
105
85
32
106
115
0
1
11
34
9
35
98
5
77
8
102
103
7
104
18
116
41
30
76
45
105
85
32
106
115
0
1
11
34
9
35
98
5
77
8
102
6
7
104
18
117
41
30
76
45
105
85
32
106
115
0
1
11
34
9
35
98
5
77
8
102
6
7
104
18
118
41
30
76
45
105
85
32
106
115
0
1
11
34
9
35
98
5
77
8
102
103
7
104
18
119
41
30
76
45
105
85
32
106
115
0
1
11
34
9
35
98
5
77
8
102
6
7
104
18
120
41
30
76
45
105
85
32
106
115
0
1
11
34
9
35
98
5
77
8
102
103
7
104
18
121
41
30
76
45
105
85
32
106
115
0
1
11
34
9
35
98
5
77
8
102
103
7
104
18
122
41
30
76
45
105
85
32
106
115
0
1
11
34
9
35
98
5
77
8
102
103
7
104
18
123
41
30
76
45
105
85
32
106
115
0
1
11
34
9
35
98
5
77
8
102
6
7
104
18
124
41
30
76
45
105
85
32
106
115
0
1
19
18
125
126
0
1
19
18
127
126
0
1
19
18
128
126
0
1
19
18
129
126
0
1
19
18
130
126
0
1
19
18
131
126
0
1
19
18
132
126
0
1
19
18
133
126
0
1
19
18
134
126
0
1
19
18
135
126
0
1
19
18
136
126
0
1
19
18
137
126
0
1
19
18
138
126
0
1
19
18
139
126
0
1
19
18
140
126
0
1
19
18
141
126
0
1
19
18
142
126
0
1
19
18
143
126
0
1
19
18
144
126
0
1
19
18
145
126
0
1
19
18
146
126
0
1
19
18
147
126
0
1
19
18
148
126
0
1
19
18
149
126
0
1
19
18
150
126
0
1
19
18
151
126
0
1
19
18
152
126
0
1
19
18
153
126
0
1
19
18
154
126
0
1
19
18
155
126
0
1
19
18
156
126
0
1
19
18
157
126
0
1
19
18
158
126
0
1
19
18
159
126
0
1
19
18
160
126
0
1
19
18
161
126
0
1
19
18
162
126
0
1
19
18
163
126
0
1
19
18
164
126
0
1
19
18
165
126
0
1
19
18
166
126
0
1
19
18
167
126
0
1
19
18
168
126
0
1
19
18
169
126
0
1
19
18
170
126
0
1
19
18
171
126
0
1
19
18
172
126
0
1
19
18
173
126
0
1
19
18
174
126
0
1
19
18
175
126
0
1
19
18
176
126
0
1
19
18
177
126
0
1
19
18
178
126
0
1
19
18
179
126
0
1
19
18
180
126
0
1
19
18
181
126
0
1
19
18
182
126
0
1
19
18
183
126
0
1
19
18
184
126
0
1
19
18
185
126
0
1
19
18
186
126
0
1
19
18
187
126
0
1
19
18
188
126
0
1
19
18
189
126
0
1
19
18
190
126
0
1
19
18
191
126
0
1
19
18
192
126
0
1
19
18
193
126
0
1
19
18
194
126
0
1
19
18
195
126
0
1
19
18
196
126
0
1
19
18
197
126
0
1
19
18
198
126
0
1
19
18
199
126
0
1
19
18
200
126
0
1
19
18
201
126
0
1
19
18
202
126
0
1
19
18
203
126
0
1
19
18
204
126
0
1
19
18
205
126
0
1
19
18
206
126
0
1
19
18
207
126
0
1
19
18
208
126
0
1
19
18
209
126
0
1
19
18
210
126
0
1
19
18
211
126
0
1
19
18
212
126
0
1
19
18
213
126
0
1
19
18
214
126
0
1
19
18
215
126
0
1
19
18
216
126
0
1
19
18
217
126
0
1
19
18
218
126
0
1
19
18
219
126
0
1
19
18
220
126
0
1
19
18
221
126
0
1
19
18
222
126
0
1
19
18
223
126
0
1
19
18
224
126
0
1
19
18
225
126
0
1
19
18
226
126
0
1
19
18
227
126
0
1
19
18
228
126
0
1
19
18
229
126
0
1
19
18
230
126
0
1
19
18
231
126
0
1
19
18
232
126
0
1
19
18
233
126
0
1
19
18
234
126
0
1
19
18
235
126
0
1
19
18
236
126
0
1
19
18
237
126
0
1
19
18
238
126
0
1
19
18
239
126
0
1
19
18
240
126
0
1
19
18
241
126
0
1
19
18
242
126
0
1
19
18
243
126
0
1
19
18
244
126
0
1
19
18
245
126
0
1
19
18
246
126
0
1
19
18
247
126
0
1
19
18
248
126
0
1
19
18
249
126
0
1
19
18
250
126
0
1
19
18
251
126
0
1
19
18
252
126
0
1
19
18
253
126
0
1
19
18
254
126
0
1
19
18
255
126
0
1
19
18
256
126
0
1
19
18
257
126
0
1
19
18
258
126
0
1
19
18
259
126
0
1
19
18
260
126
0
1
19
18
261
126
0
1
19
18
262
126
0
1
19
18
263
126
0
1
19
18
264
126
0
1
19
18
265
126
0
1
19
18
266
126
0
1
19
18
267
126
0
1
19
18
268
126
0
1
19
18
269
126
0
1
19
18
270
126
271
5
272
8
273
103
7
0
1
19
18
274
126
0
1
19
18
275
126
0
1
19
18
276
126
0
1
19
18
277
126
0
1
19
18
278
126
0
1
19
18
279
126
0
1
19
18
280
126
0
1
19
18
281
126
0
1
19
18
282
126
0
1
283
32
105
38
34
5
284
285
126
286
17
22
0
1
283
32
105
38
34
5
287
288
126
286
17
22
0
1
283
32
105
38
34
5
289
290
126
286
17
22
0
1
283
32
105
38
34
5
291
292
126
286
17
22
0
1
283
32
105
38
34
5
293
294
126
286
17
22
0
1
283
32
105
38
34
5
295
296
126
286
17
22
0
1
283
32
105
38
34
5
297
298
126
286
17
100
0
1
283
32
105
38
34
5
299
300
126
286
17
22
0
1
283
32
105
38
34
5
301
302
126
286
17
22
0
1
283
32
105
38
34
5
303
304
126
286
17
22
0
1
283
32
105
38
34
5
305
306
126
286
17
22
0
1
283
32
105
38
34
5
307
308
126
286
17
22
0
1
283
32
105
38
34
5
309
310
126
286
17
22
0
1
283
32
105
38
34
5
311
312
126
286
17
100
0
1
283
32
105
38
34
5
313
314
126
286
17
22
0
1
283
32
105
38
34
5
315
316
126
286
17
22
0
1
283
32
105
38
34
5
317
318
126
286
17
22
0
1
319
272
320
321
28
126
322
3
77
8
0
1
319
272
320
321
28
126
322
3
77
8
0
1
319
272
320
321
28
126
322
3
77
8
0
1
319
272
320
321
28
126
322
3
77
8
0
1
319
272
320
321
28
126
322
3
77
8
0
1
319
272
320
321
28
126
322
3
77
8
0
1
319
272
320
321
28
126
322
3
77
8
0
1
319
272
320
321
28
126
322
3
77
8
0
1
319
272
320
321
28
126
322
3
77
8
0
1
319
272
320
321
28
126
322
3
77
8
0
1
319
272
320
321
28
126
322
3
77
8
0
1
319
272
320
321
28
126
322
3
77
8
0
1
319
272
320
321
28
126
322
3
77
8
0
1
319
272
320
321
28
126
322
3
77
8
0
1
319
272
320
321
28
126
322
3
77
8
0
1
319
272
320
321
28
126
322
3
77
8
0
1
319
272
320
321
28
126
322
3
77
8
0
1
319
272
320
321
28
126
322
3
77
8
0
1
319
272
320
321
28
126
322
3
77
8
0
1
319
272
320
321
28
126
322
3
77
8
0
1
319
272
320
321
28
126
322
3
77
8
0
1
319
272
320
321
28
126
322
3
77
8
0
1
319
272
320
321
28
126
322
3
77
8
0
1
319
272
320
321
28
126
322
3
77
8
0
1
319
272
320
321
28
126
322
3
77
8
0
1
319
272
320
321
28
126
322
3
77
8
0
1
319
272
320
321
28
126
322
3
77
8
0
1
319
272
320
321
28
126
322
3
77
8
0
1
319
272
320
321
28
126
322
3
77
8
0
1
319
272
320
321
28
126
322
3
77
8
0
1
319
272
320
321
28
126
322
3
77
8
0
1
319
272
320
321
28
126
322
3
77
8
0
1
319
272
320
321
28
126
322
3
77
8
0
1
33
323
0
1
33
323
0
1
33
323
0
1
33
323
0
1
33
323
0
1
33
323
0
1
33
323
0
1
33
323
0
1
33
323
0
1
33
323
0
1
33
323
0
1
33
323
0
1
33
323
0
1
5
6
7
8
17
66
324
325
326
94
327
42
38
58
328
109
47
329
330
331
0
1
5
6
7
8
17
66
324
325
326
94
327
42
38
58
109
332
0
1
5
6
7
8
17
66
324
325
326
94
327
42
38
58
109
333
0
1
5
6
7
8
17
66
324
325
326
94
327
42
38
58
109
334
0
1
5
6
7
8
17
66
324
325
326
94
327
42
38
58
328
109
0
1
18
335
5
336
70
337
3
338
339
340
11
38
34
341
88
342
15
16
45
105
109
32
343
33
96
7
8
87
344
345
42
346
35
321
347
4
90
24
348
349
286
350
351
352
353
44
104
354
9
355
58
356
357
358
359
360
108
361
362
363
364
365
366
367
368
369
370
371
372
373
95
374
375
376
377
378
379
380
381
382
383
384
72
385
55
60
386
387
56
57
71
94
62
69
388
389
390
391
392
393
394
395
396
17
397
126
47
398
399
400
401
97
402
0
1
18
335
5
336
70
337
3
338
339
340
11
38
34
341
88
342
15
16
45
105
109
32
343
33
96
7
8
87
344
345
42
346
35
321
347
4
90
24
348
349
286
350
403
352
353
44
104
354
9
355
58
356
357
358
359
360
108
361
404
363
364
365
366
367
368
369
370
371
372
373
95
374
375
376
377
378
405
380
381
382
383
384
72
385
55
60
386
387
56
57
71
62
388
391
389
94
390
69
392
393
395
396
397
126
47
17
398
399
406
401
402
97
0
1
18
335
5
336
70
337
3
338
339
340
11
38
34
341
88
342
15
16
45
105
109
32
343
33
96
7
8
344
345
42
346
35
321
347
4
90
24
348
349
286
350
351
352
353
44
104
354
9
355
58
356
357
358
359
360
108
361
362
363
364
365
366
367
368
369
370
371
372
373
95
374
375
376
377
378
379
380
381
382
383
384
72
385
55
60
386
387
56
57
71
62
69
388
391
389
392
94
390
393
395
396
397
47
126
17
398
399
401
400
97
402
0
1
18
335
5
336
70
337
3
338
339
340
11
38
34
341
88
342
15
16
45
105
109
32
343
33
96
7
8
344
345
42
346
35
321
347
4
90
24
348
349
286
350
351
352
353
44
104
354
9
355
58
356
357
358
359
360
108
361
362
363
364
365
366
367
368
369
370
371
372
373
95
374
375
376
377
378
379
380
381
382
383
384
72
385
55
60
386
387
56
57
71
62
69
388
391
389
392
94
390
393
395
396
397
47
126
17
398
399
401
400
97
402
0
1
18
335
5
336
70
337
3
338
339
340
11
38
34
341
88
342
15
16
45
105
109
32
343
33
96
7
8
344
345
42
346
35
321
347
4
90
24
348
349
286
350
351
352
353
44
104
354
9
355
58
356
357
358
359
360
108
361
362
363
364
365
366
367
368
369
370
371
372
373
95
374
375
376
377
378
379
380
381
382
383
384
72
385
55
60
386
387
56
57
71
62
69
388
391
389
392
94
390
393
395
396
397
47
126
17
398
399
401
400
97
402
0
1
18
335
5
336
70
337
3
338
339
340
11
38
34
341
88
342
15
16
45
105
109
32
343
33
96
7
8
87
344
345
42
346
35
321
347
4
90
24
348
349
286
350
403
352
353
44
104
354
9
355
58
356
357
358
359
360
108
361
404
363
364
365
366
367
368
369
370
371
372
373
95
374
375
376
377
378
405
380
381
382
383
384
72
385
55
60
386
387
56
57
94
62
388
391
71
69
392
390
389
395
396
393
17
397
126
47
398
399
401
406
402
97
0
1
18
335
5
336
70
337
3
338
339
340
11
38
34
341
88
342
15
16
45
105
109
32
343
33
96
7
8
87
344
345
42
346
35
321
347
4
90
24
348
349
286
350
403
352
353
44
104
354
9
355
58
356
357
358
359
360
108
361
404
363
364
365
366
367
368
369
370
371
372
373
95
374
375
376
377
378
405
380
381
382
383
384
72
385
55
60
386
387
56
57
94
62
388
391
71
69
392
390
389
395
396
393
17
397
126
47
398
399
401
406
402
97
0
1
18
335
5
336
70
337
3
338
339
340
11
38
34
341
88
342
15
16
45
105
109
32
343
33
96
7
8
87
344
345
42
346
35
321
347
4
90
24
348
349
286
350
403
352
353
44
104
354
9
355
58
356
357
358
359
360
108
361
404
363
364
365
366
367
368
369
370
371
372
373
95
374
375
376
377
378
405
380
381
382
383
384
72
385
55
60
386
387
56
57
94
62
388
391
71
69
392
390
389
395
396
393
17
397
126
47
398
399
401
406
402
97
0
1
18
335
5
336
70
337
3
338
339
340
11
38
34
341
88
342
15
16
45
105
109
32
343
33
96
7
8
87
344
345
42
346
35
321
347
4
90
24
348
349
286
350
403
352
353
44
104
354
9
355
58
356
357
358
359
360
108
361
404
363
364
365
366
367
368
369
370
371
372
373
95
374
375
376
377
378
405
380
381
382
383
384
72
385
55
60
386
387
56
57
94
62
388
391
71
69
392
390
389
395
396
393
17
397
126
47
398
399
401
406
402
97
0
1
18
335
5
336
70
337
3
338
339
340
11
38
34
341
88
342
15
16
45
105
109
32
343
33
96
7
8
87
344
345
42
346
35
321
347
4
90
24
348
349
286
350
351
352
353
44
104
354
9
355
58
356
357
358
359
360
108
361
362
363
364
365
366
367
368
369
370
371
372
373
95
374
375
376
377
378
379
380
381
382
383
384
72
385
55
60
386
387
56
57
388
391
392
94
389
390
69
62
393
395
396
47
17
397
126
398
400
399
401
402
97
0
1
18
335
5
336
70
337
3
338
339
340
11
38
34
341
88
342
15
16
45
105
109
32
343
33
96
7
8
87
344
345
42
346
35
321
347
4
90
24
348
349
286
350
351
352
353
44
104
354
9
355
58
356
357
358
359
360
108
361
362
363
364
365
366
367
368
369
370
371
372
373
95
374
375
376
377
378
379
380
381
382
383
384
72
385
55
60
386
387
56
57
388
391
392
94
389
390
69
62
393
395
396
47
17
397
126
398
400
399
401
402
97
0
1
18
335
5
336
70
337
3
338
339
340
11
38
34
341
88
342
15
16
45
105
109
32
343
33
96
7
8
87
344
345
42
346
35
321
347
4
90
24
348
349
286
350
351
352
353
44
104
354
9
355
58
356
357
358
359
360
108
361
362
363
364
365
366
367
368
369
370
371
372
373
95
374
375
376
377
378
379
380
381
382
383
384
72
385
55
60
386
387
56
57
388
391
392
94
389
390
69
62
393
395
396
47
17
397
126
398
400
399
401
402
97
0
1
18
335
5
336
70
337
3
338
339
340
11
38
34
341
88
342
15
16
45
105
109
32
343
33
96
7
8
87
344
345
42
346
35
321
347
4
90
24
348
349
286
350
351
352
353
44
104
354
9
355
58
356
357
358
359
360
108
361
362
363
364
365
366
367
368
369
370
371
372
373
95
374
375
376
377
378
379
380
381
382
383
384
72
385
55
60
386
387
407
56
57
71
94
62
69
388
389
390
391
392
393
394
395
396
17
397
126
47
398
399
400
401
97
402
0
1
18
335
5
336
70
337
3
338
339
340
11
38
34
341
88
342
15
16
45
105
109
32
343
33
96
7
8
87
344
345
42
346
35
321
347
4
90
24
348
349
286
350
403
352
353
44
104
354
9
355
58
356
357
358
359
360
108
361
404
363
364
365
366
367
368
369
370
371
372
373
95
374
375
376
377
378
405
380
381
382
383
384
72
385
55
60
386
387
56
57
62
94
392
390
391
388
389
69
393
395
396
17
397
126
47
398
401
399
406
97
402
0
1
18
335
5
336
70
337
3
338
339
340
11
38
34
341
88
342
15
16
45
105
109
32
343
33
96
7
8
87
344
345
42
346
35
321
347
4
90
24
348
349
286
350
403
352
353
44
104
354
9
355
58
356
357
358
359
360
108
361
404
363
364
365
366
367
368
369
370
371
372
373
95
374
375
376
377
378
405
380
381
382
383
384
72
385
55
60
386
387
56
57
62
94
392
390
391
388
389
69
393
395
396
17
397
126
47
398
401
399
406
97
402
0
1
18
335
5
336
70
337
3
338
339
340
11
38
34
341
88
342
15
16
45
105
109
32
343
33
96
7
8
87
344
345
42
346
35
321
347
4
90
24
348
349
286
350
403
352
353
44
104
354
9
355
58
356
357
358
359
360
108
361
404
363
364
365
366
367
368
369
370
371
372
373
95
374
375
376
377
378
405
380
381
382
383
384
72
385
55
60
386
387
56
57
62
94
392
390
391
388
389
69
393
395
396
17
397
126
47
398
401
399
406
97
402
0
1
19
18
16
30
7
8
0
1
19
18
16
30
7
8
0
1
19
18
16
30
7
8
0
1
19
18
16
30
7
8
0
1
19
18
16
30
7
8
0
1
19
18
16
30
7
8
0
1
19
18
16
30
7
8
0
1
19
18
16
30
7
8
0
1
19
18
16
30
7
8
0
1
19
18
16
30
7
8
0
1
19
18
16
30
7
8
0
1
19
18
16
30
7
8
0
1
19
18
16
30
7
8
0
1
19
18
16
30
7
8
0
1
19
18
16
30
7
8
0
1
19
18
16
30
7
8
0
1
19
18
16
30
7
8
0
1
19
18
16
30
7
8
0
1
19
18
16
30
7
8
0
1
19
18
16
30
7
8
0
1
19
18
16
30
7
8
0
1
19
18
16
30
7
8
0
1
11
18
3
6
16
109
408
44
409
17
410
58
0
1
11
18
3
6
16
109
408
44
409
17
410
58
0
1
11
18
3
6
16
109
408
44
409
17
410
58
0
1
11
18
3
6
16
35
411
44
409
17
410
58
0
1
11
18
3
6
16
35
411
44
409
17
410
58
0
1
11
18
3
6
16
35
411
44
409
17
410
58
0
1
11
18
3
6
16
109
408
44
409
17
410
58
0
1
11
18
3
6
16
35
411
44
409
17
410
58
0
1
11
38
9
18
76
75
7
8
35
39
40
4
42
17
41
43
32
44
85
0
1
11
38
9
76
75
7
8
35
39
40
4
42
17
18
41
43
32
44
85
0
1
11
38
9
76
75
7
8
35
39
40
4
42
17
18
41
43
32
44
85
0
1
11
38
9
18
76
75
7
8
35
39
40
4
42
17
41
43
32
44
85
0
1
11
38
9
76
75
7
8
35
39
40
4
42
17
18
41
43
32
44
85
0
1
11
38
9
18
76
75
7
8
35
39
40
4
42
17
41
43
32
44
85
0
1
11
38
9
18
76
75
7
8
35
39
40
4
42
17
41
43
32
44
85
0
1
44
11
341
88
3
338
342
15
16
18
45
105
109
32
343
33
346
35
98
344
321
96
34
347
4
90
24
348
349
286
350
340
412
352
353
104
354
9
355
58
356
357
38
358
70
413
414
364
365
415
387
72
385
55
60
386
372
373
95
374
375
384
56
57
69
94
62
391
392
389
388
390
393
395
396
17
397
126
47
398
401
382
97
416
402
381
0
1
44
11
341
88
3
338
342
15
16
18
45
105
109
32
343
33
346
344
35
321
96
34
347
4
90
24
348
349
286
350
340
412
352
353
104
354
9
355
58
356
357
38
358
70
413
414
364
365
415
387
72
385
55
60
386
372
373
95
374
375
384
56
57
94
388
69
389
390
391
392
62
395
396
393
394
397
126
47
17
398
416
401
97
381
402
382
0
1
44
11
341
88
3
338
342
15
16
18
45
105
109
32
343
33
346
344
35
321
96
34
347
4
90
24
348
349
286
350
340
417
352
353
104
354
9
355
58
356
357
38
358
70
413
414
364
365
415
387
72
385
55
60
386
372
373
95
374
375
384
56
57
62
69
391
390
392
388
94
389
395
396
17
47
397
126
393
398
0
1
44
11
341
88
34
3
338
381
104
354
342
15
16
18
45
105
109
32
343
33
346
344
35
321
96
347
4
90
24
348
349
286
350
412
352
353
9
355
340
356
357
38
358
70
413
414
364
415
387
126
418
72
385
55
60
386
372
373
95
374
375
384
365
56
57
71
58
94
388
389
62
69
390
391
392
395
396
17
47
397
398
419
0
1
44
11
341
88
34
3
338
381
104
354
342
15
16
18
45
105
109
32
343
33
346
344
35
321
96
347
4
90
24
348
349
286
350
412
352
353
9
355
340
356
357
38
358
70
413
414
364
415
387
126
418
72
385
55
60
386
372
373
95
374
375
384
365
56
57
71
58
94
69
390
389
388
392
391
62
395
396
397
17
47
398
419
0
1
44
11
341
88
3
338
342
15
16
18
45
105
109
32
343
33
346
344
35
321
96
34
347
4
90
24
348
349
286
350
340
412
352
353
104
354
9
355
58
356
357
38
358
70
413
414
364
365
415
387
72
385
55
60
386
372
373
95
374
375
384
56
57
94
388
389
390
392
62
391
69
393
394
395
17
397
126
396
47
398
401
402
416
382
97
381
0
1
44
11
341
88
3
338
342
15
16
18
45
105
32
343
33
35
346
344
321
96
34
347
4
90
24
348
349
286
350
340
412
352
353
104
354
9
355
58
356
357
38
358
70
413
414
364
365
415
387
72
385
55
60
386
372
373
95
374
375
384
56
57
71
62
69
94
392
393
395
396
397
394
17
47
126
398
401
382
402
381
97
416
0
1
44
11
341
88
3
338
342
15
16
18
45
105
109
32
343
33
346
344
35
321
96
34
347
4
90
24
348
349
286
350
340
420
352
353
104
354
9
355
58
356
357
38
358
70
413
414
364
365
415
387
72
385
55
60
386
372
373
95
374
375
384
56
57
71
94
62
390
391
389
69
388
392
393
394
395
396
47
17
397
126
398
401
402
382
381
421
97
0
1
44
11
341
88
3
338
342
15
16
18
45
105
109
32
343
33
346
344
35
321
96
34
347
4
90
24
348
349
286
350
340
422
352
353
104
354
9
355
58
356
357
38
358
70
413
414
364
365
415
387
72
385
55
60
386
372
373
95
374
375
384
56
57
71
389
388
392
62
94
390
391
69
393
395
396
394
397
126
17
47
398
401
382
402
381
97
423
0
1
44
11
341
88
3
338
342
15
16
18
45
105
109
32
343
33
346
344
35
321
96
34
347
4
90
24
348
349
286
350
340
412
352
353
424
407
104
354
9
355
58
356
357
38
358
70
413
414
364
365
415
387
72
385
55
60
386
372
373
95
374
375
384
56
57
71
389
94
69
391
390
62
388
392
395
17
397
126
47
396
398
401
381
402
97
416
382
0
1
44
11
341
88
3
338
342
15
16
18
45
105
109
32
343
33
346
344
35
321
96
34
347
4
90
24
348
349
286
350
340
412
352
353
104
354
9
355
58
356
357
38
358
70
413
414
364
365
415
387
72
385
55
60
386
372
373
95
374
375
384
56
57
71
94
62
388
389
390
69
391
392
393
395
396
17
397
126
394
47
398
416
401
97
382
402
381
0
1
44
11
341
88
3
338
342
15
16
18
45
105
109
32
343
33
346
344
35
321
96
34
347
4
90
24
348
349
286
350
340
412
352
353
104
354
9
355
58
356
357
38
358
70
413
414
364
365
415
387
72
385
55
60
386
372
373
95
374
375
384
56
57
71
94
389
391
390
392
69
62
388
395
396
393
394
17
397
126
47
398
401
381
402
97
416
382
0
1
44
11
341
88
3
338
342
15
16
18
45
105
109
32
343
33
346
344
35
321
96
34
347
4
90
24
348
349
286
350
340
422
352
353
104
354
9
355
58
356
357
38
358
70
413
414
364
365
415
387
72
385
55
60
386
372
373
95
374
375
384
56
57
71
94
62
390
391
392
69
388
389
393
394
395
396
397
47
126
17
398
423
401
97
402
381
382
0
1
44
11
341
88
34
3
338
381
104
354
342
15
16
18
45
105
109
32
343
33
346
344
35
321
96
347
4
90
24
348
349
286
350
412
352
353
9
355
340
356
357
38
358
70
413
414
364
415
387
126
418
72
385
55
60
386
372
373
95
374
375
384
365
56
57
71
58
94
69
62
390
388
389
391
392
395
396
47
397
17
398
419
0
1
44
11
341
88
3
338
342
15
16
18
45
105
109
32
343
33
346
344
35
321
96
34
347
4
90
24
348
349
286
350
340
417
352
353
104
354
9
355
58
356
357
38
358
70
413
414
364
365
415
387
72
385
55
60
386
372
373
95
374
375
384
56
57
71
94
62
69
388
389
390
391
392
393
394
395
396
17
397
126
47
398
0
1
44
11
341
88
34
3
338
381
342
15
16
18
45
105
109
32
343
33
346
344
35
321
96
347
4
90
24
348
349
286
350
412
352
353
9
355
340
356
357
38
358
70
413
414
364
415
387
126
418
72
385
55
60
386
372
373
95
374
375
384
365
56
57
71
94
390
69
62
388
58
392
391
389
395
396
17
47
397
419
398
0
1
44
11
341
88
3
338
342
15
16
18
45
105
109
32
343
33
346
344
35
321
96
34
347
4
90
24
348
349
286
350
340
412
352
353
104
354
9
355
58
356
357
38
358
70
413
414
364
365
415
387
72
385
55
60
386
372
373
95
374
375
384
56
57
71
94
62
388
391
69
390
392
389
395
396
393
17
397
126
47
398
416
401
382
402
381
97
0
1
44
11
341
88
3
338
342
15
16
18
45
105
109
32
343
33
346
344
35
321
96
34
347
4
90
24
348
349
286
350
340
422
352
353
104
354
9
355
58
356
357
38
358
70
413
414
364
365
415
387
72
385
55
60
386
372
373
95
374
375
384
56
57
71
62
94
388
69
390
392
391
389
393
395
396
17
394
47
397
126
398
401
423
97
382
381
402
0
1
44
11
341
88
3
338
342
15
16
18
45
105
109
32
343
33
346
344
35
321
96
34
347
4
90
24
348
349
286
350
340
425
352
353
104
354
9
355
58
356
357
38
358
70
413
414
364
365
415
387
72
385
55
60
386
372
373
95
374
375
384
56
57
71
94
62
69
388
389
390
391
392
393
394
395
396
17
397
126
47
398
426
401
97
381
382
402
0
1
44
11
341
88
3
338
342
15
16
18
45
105
109
32
343
33
346
344
35
321
96
34
347
4
90
24
348
349
286
350
340
417
352
353
104
354
9
355
58
356
357
38
358
70
413
414
364
365
415
387
72
385
55
60
386
372
373
95
374
375
384
56
57
71
388
62
389
390
391
392
94
69
395
396
393
394
17
397
126
47
398
0
1
44
11
341
88
3
338
342
15
16
18
45
105
109
32
343
33
346
344
35
321
96
34
347
4
90
24
348
349
286
350
340
427
352
353
104
354
9
355
58
356
357
38
358
70
413
414
364
365
415
387
72
385
55
60
386
372
373
95
374
375
384
56
57
71
94
390
389
69
392
388
391
62
395
396
397
17
47
393
126
398
5
7
8
41
428
401
382
402
429
97
381
0
1
44
11
341
88
3
338
342
15
16
18
45
105
109
32
343
33
346
344
35
321
96
34
347
4
90
24
348
349
286
350
340
425
352
353
104
354
9
355
58
356
357
38
358
70
413
414
364
365
415
387
72
385
55
60
386
372
373
95
374
375
384
56
57
71
388
391
392
94
390
69
62
389
395
396
397
393
394
17
126
47
398
401
426
97
382
5
381
402
0
1
2
7
8
0
1
109
7
8
0
1
109
7
8
0
1
2
7
8
0
1
105
7
8
0
1
430
7
8
0
1
30
7
8
0
1
109
7
8
0
1
33
7
8
0
1
2
7
8
0
1
33
7
8
0
1
33
7
8
0
1
431
7
8
0
1
3
7
8
0
1
430
7
8
0
1
33
7
8
0
1
30
7
8
0
1
109
7
8
0
1
344
7
8
0
1
2
7
8
0
1
430
7
8
0
1
109
7
8
0
1
33
7
8
0
1
33
7
8
0
1
35
7
8
0
1
432
5
7
8
44
433
90
3
320
434
435
6
11
283
35
24
38
34
18
45
338
340
91
126
85
32
436
437
346
42
438
439
373
70
358
440
389
441
391
16
384
356
47
442
443
66
444
445
55
72
60
446
447
92
388
390
69
448
62
94
392
58
343
449
395
450
451
452
25
0
1
432
5
7
8
44
433
90
3
320
434
435
6
11
283
35
24
38
34
18
45
338
340
91
126
85
32
436
437
346
42
438
439
373
70
358
440
389
441
391
16
384
356
47
442
443
66
444
445
55
72
60
446
447
92
388
390
69
448
62
94
392
58
343
449
395
450
451
25
452
0
1
432
5
7
8
44
433
90
3
320
434
435
6
11
283
35
24
38
34
18
45
338
340
91
126
85
32
436
437
346
42
438
439
373
70
358
440
389
441
391
16
384
356
47
442
443
66
444
445
55
72
60
446
447
92
388
390
69
448
62
94
392
58
343
449
395
450
451
25
452
0
1
432
5
7
8
44
433
90
3
320
434
435
6
11
283
35
24
38
34
18
45
338
340
91
126
85
32
436
437
346
42
438
439
373
70
358
440
389
441
391
16
384
356
47
442
443
66
444
445
55
72
60
446
447
92
388
390
69
448
62
94
392
58
343
449
395
450
451
452
0
1
432
5
7
8
44
433
90
3
320
434
435
6
11
283
35
24
38
34
18
45
338
340
91
126
85
32
436
437
346
42
438
439
373
70
358
440
389
441
391
16
384
356
47
442
443
66
444
445
55
72
60
446
447
92
388
390
69
448
62
94
392
58
343
449
395
450
451
452
0
1
432
5
7
8
44
433
90
3
320
434
435
6
11
283
35
24
38
34
18
45
338
340
91
126
85
32
436
437
346
42
438
439
373
70
358
440
389
441
391
16
384
356
47
442
443
66
444
445
55
72
60
446
447
92
388
390
69
448
62
94
392
58
343
449
395
450
451
452
25
0
1
432
5
7
8
44
433
90
3
320
434
435
6
11
283
35
24
38
34
18
45
338
340
91
126
85
32
436
437
346
42
438
439
373
70
358
440
389
441
391
16
384
356
47
442
443
66
444
445
55
72
60
446
447
92
388
390
69
448
62
94
392
58
343
449
395
450
451
452
25
0
1
432
5
7
8
44
433
90
3
320
434
435
6
11
283
35
24
38
34
18
45
338
340
91
126
85
32
436
437
346
42
438
439
373
70
358
440
389
441
391
16
384
356
47
442
443
66
444
445
55
72
60
446
447
92
388
390
69
448
62
94
392
58
343
449
395
450
451
25
452
0
1
432
5
7
8
44
433
90
3
320
434
435
6
11
283
35
24
38
34
18
45
338
340
91
126
85
32
436
437
346
42
438
439
373
70
358
440
389
441
391
16
384
356
47
442
443
66
444
445
55
72
60
446
447
92
388
390
69
448
62
94
392
58
343
449
395
450
451
452
25
0
1
432
5
7
8
44
433
90
3
320
434
435
6
11
283
35
24
38
34
18
45
338
340
91
126
85
32
436
437
346
42
438
439
373
70
358
440
389
441
391
16
384
356
47
442
443
66
444
445
55
72
60
446
447
92
388
390
69
448
62
94
392
58
343
449
395
450
451
25
452
0
1
432
5
7
8
44
433
90
3
320
434
435
6
11
283
35
24
38
34
18
45
338
340
91
126
85
32
436
437
346
42
438
439
373
70
358
440
389
441
391
16
384
356
47
442
443
66
444
445
55
72
60
446
447
92
388
390
69
448
62
94
392
58
343
449
395
450
451
25
452
0
1
432
5
7
8
44
433
90
3
320
434
435
6
11
283
35
24
38
34
18
45
338
340
91
126
85
32
436
437
346
42
438
439
373
70
358
440
389
441
391
16
384
356
47
442
443
66
444
445
55
72
60
446
447
92
388
390
69
448
62
94
392
58
343
449
395
450
451
25
452
0
1
432
5
7
8
44
433
90
3
320
434
435
6
11
283
35
24
38
34
18
45
338
340
91
126
85
32
436
437
346
42
438
439
373
70
358
440
389
441
391
16
384
356
47
442
443
66
444
445
55
72
60
446
447
92
388
390
69
448
62
94
392
58
343
449
395
450
451
25
452
0
1
432
5
7
8
44
433
90
3
320
434
435
6
11
283
35
24
38
34
18
45
338
340
91
126
85
32
436
437
346
42
438
439
373
70
358
440
389
441
391
16
384
356
47
442
443
66
444
445
55
72
60
446
447
92
388
390
69
448
62
94
392
58
343
449
395
450
451
452
25
0
1
432
5
7
8
44
433
90
3
320
434
435
6
11
283
35
24
38
34
18
45
338
340
91
126
85
32
436
437
346
42
438
439
373
70
358
440
389
441
391
16
384
356
47
442
443
66
444
445
55
72
60
446
447
92
388
390
69
448
62
94
392
58
343
449
395
450
451
0
1
432
5
7
8
44
433
90
3
320
434
435
6
11
283
35
24
38
34
18
45
338
340
91
126
85
32
436
437
346
42
438
439
373
70
358
440
389
441
391
16
384
356
47
442
443
66
444
445
55
72
60
446
447
92
388
390
69
448
62
94
392
58
343
449
395
450
451
25
452
0
1
432
5
7
8
44
433
90
3
320
434
435
6
11
283
35
24
38
34
18
45
338
340
91
126
85
32
436
437
346
42
438
439
373
70
358
440
389
441
391
16
384
356
47
442
443
66
444
445
55
72
60
446
447
92
388
390
69
448
62
94
392
58
343
449
395
450
451
25
452
0
1
432
5
7
8
44
433
90
3
320
434
435
6
11
283
35
24
38
34
18
45
338
340
91
126
85
32
436
437
346
42
438
439
373
70
358
440
389
441
391
16
384
356
47
442
443
66
444
445
55
72
60
446
447
92
388
390
69
448
62
94
392
58
343
449
395
450
451
25
452
0
1
432
5
7
8
44
433
90
3
320
434
435
6
11
283
35
24
38
34
18
45
338
340
91
126
85
32
436
437
346
42
438
439
373
70
358
440
389
441
391
16
384
356
47
442
443
66
444
445
55
72
60
446
447
92
388
390
69
448
62
94
392
58
343
449
395
450
451
25
452
0
1
432
5
7
8
44
433
90
3
320
434
435
6
11
283
35
24
38
34
18
45
338
340
91
126
85
32
436
437
346
42
438
439
373
70
358
440
389
441
391
16
384
356
47
442
443
66
444
445
55
72
60
446
447
92
388
390
69
448
62
94
392
58
343
449
395
450
451
25
452
0
1
432
5
7
8
44
433
90
3
320
434
435
6
11
283
35
24
38
34
18
45
338
340
91
126
85
32
436
437
346
42
438
439
373
70
358
440
389
441
391
16
384
356
47
442
443
66
444
445
55
72
60
446
447
92
388
390
69
448
62
94
392
58
343
449
395
450
451
25
452
0
1
283
32
105
38
34
5
453
454
126
286
0
1
283
32
105
38
34
5
455
456
126
286
0
1
283
32
105
38
34
5
457
458
126
286
0
1
283
32
105
38
34
5
459
460
126
286
19
0
1
283
32
105
38
34
5
461
462
126
286
19
0
1
283
32
105
38
34
5
463
464
126
286
19
0
1
283
32
105
38
34
5
465
466
126
286
19
0
1
283
32
105
38
34
5
467
468
126
286
0
1
283
32
105
38
34
5
469
470
126
286
19
0
1
283
32
105
38
34
5
471
472
126
286
0
1
283
32
105
38
34
5
473
474
126
286
0
1
283
32
105
38
34
5
475
476
126
286
0
1
283
32
105
38
34
5
477
478
126
286
0
1
283
32
105
38
34
5
479
480
126
286
0
1
283
32
105
38
34
5
481
482
126
286
19
0
1
283
32
105
38
34
5
483
484
126
286
0
1
283
32
105
38
34
5
485
486
126
286
0
1
283
32
105
38
34
5
487
488
126
286
19
0
1
283
32
105
38
34
5
489
490
126
286
0
1
283
32
105
38
34
5
491
492
126
286
19
0
1
283
32
105
38
34
5
493
494
126
286
0
1
283
32
105
38
34
5
495
496
126
286
0
1
283
32
105
38
34
5
497
498
126
286
0
1
283
32
105
38
34
5
499
500
126
286
19
0
1
283
32
105
38
34
5
501
502
126
286
0
1
283
32
105
38
34
5
503
504
126
286
0
1
283
32
105
38
34
5
505
506
126
286
0
1
283
32
105
38
34
5
507
508
126
286
19
0
1
283
32
105
38
34
5
509
510
126
286
0
1
283
32
105
38
34
5
511
512
126
286
0
1
33
323
8
0
1
33
323
8
0
1
33
323
8
0
1
33
323
8
0
1
33
323
8
0
1
33
323
8
0
1
33
323
8
0
1
19
18
44
513
283
35
105
5
7
8
514
515
42
516
517
518
126
75
29
77
519
520
85
28
324
6
102
11
0
1
19
18
44
521
283
35
105
5
7
8
514
515
42
516
522
517
126
75
29
77
523
524
85
28
324
2
24
6
102
99
431
0
1
19
18
44
517
525
283
35
105
5
7
8
514
515
42
516
526
126
75
29
77
527
528
85
28
324
2
24
529
3
0
1
19
18
44
530
283
35
105
5
7
8
514
515
42
516
531
126
517
75
29
77
532
533
85
28
324
2
24
534
3
0
1
11
19
18
44
535
283
35
105
5
7
8
514
515
42
516
536
517
126
75
29
77
537
538
85
28
324
2
24
6
102
539
0
1
19
18
44
540
283
35
105
5
7
8
514
515
42
516
541
126
517
75
29
77
542
543
85
28
324
2
24
6
102
11
539
0
1
19
18
44
517
544
283
35
105
5
7
8
514
515
42
516
545
126
75
29
77
546
547
85
28
324
2
24
548
3
0
1
549
5
6
126
271
28
7
8
11
550
551
283
35
552
3
2
42
553
77
102
554
75
0
1
555
5
6
126
271
28
7
8
11
556
551
283
35
552
3
2
42
557
77
102
75
558
0
1
559
5
6
126
271
28
7
8
11
560
551
283
35
552
3
2
42
561
77
102
562
75
0
1
563
5
6
126
271
28
7
8
11
564
551
283
35
552
3
2
42
565
77
102
566
75
0
1
567
5
6
126
271
28
7
8
11
568
551
283
35
552
3
2
42
569
77
570
102
75
0
1
571
5
6
126
271
28
7
8
11
572
551
283
35
552
3
2
42
573
77
102
574
75
0
1
575
5
6
126
271
28
7
8
11
576
551
283
35
552
3
2
42
577
77
102
578
75
0
1
579
5
6
126
271
28
7
8
11
580
551
283
35
552
3
2
42
581
77
102
75
582
0
1
583
5
6
126
271
28
7
8
11
584
551
283
35
552
3
2
42
585
77
102
586
75
0
1
587
5
6
126
271
28
7
8
11
588
551
283
35
552
3
2
42
589
77
102
75
590
0
1
591
5
6
126
271
28
7
8
11
592
551
283
35
552
3
2
42
593
77
102
594
75
0
1
595
5
6
126
271
28
7
8
11
596
551
283
35
552
3
2
42
597
77
102
598
75
0
1
599
5
6
126
271
28
7
8
11
600
551
283
35
552
3
2
42
601
77
102
75
602
0
1
603
5
6
126
271
28
7
8
11
604
551
283
35
552
3
2
42
605
77
102
606
75
0
1
607
5
6
126
271
28
7
8
11
608
551
283
35
552
3
2
42
609
77
610
102
75
0
1
611
5
6
126
271
28
7
8
11
612
551
283
35
552
3
2
42
613
77
102
75
614
0
1
615
5
6
126
271
28
7
8
11
616
551
283
35
552
3
2
42
617
77
618
102
75
0
1
619
5
6
126
271
28
7
8
11
620
551
283
35
552
3
2
42
621
77
102
622
75
0
1
623
5
6
126
271
28
7
8
11
624
551
283
35
552
3
2
42
625
77
626
102
75
0
1
627
5
6
126
271
28
7
8
11
628
551
283
35
552
3
2
42
629
77
630
102
75
0
1
631
5
6
126
271
28
7
8
11
632
551
283
35
552
3
2
42
633
77
634
102
75
0
1
635
5
6
126
271
28
7
8
11
636
551
283
35
552
3
2
42
637
77
638
102
75
0
1
639
5
6
126
271
28
7
8
11
640
551
283
35
552
3
2
42
641
77
102
642
75
0
1
643
5
6
126
271
28
7
8
11
644
551
283
35
552
3
2
42
645
77
102
646
75
0
1
647
5
6
126
271
28
7
8
11
648
551
283
35
552
3
2
42
649
77
102
75
650
0
1
651
5
6
126
271
28
7
8
11
652
551
283
35
552
3
2
42
653
77
102
654
75
0
1
655
5
6
126
271
28
7
8
11
656
551
283
35
552
3
2
42
657
77
658
102
75
0
1
659
5
6
126
271
28
7
8
11
660
551
283
35
552
3
2
42
661
77
102
662
75
0
1
663
5
6
126
271
28
7
8
11
664
551
283
35
552
3
2
42
665
77
102
666
75
0
1
667
5
6
126
271
28
7
8
11
668
551
283
35
552
3
2
42
669
77
102
670
75
0
1
671
5
6
126
271
28
7
8
11
672
551
283
35
552
3
2
42
673
77
102
674
75
0
1
675
5
6
126
271
28
7
8
11
676
551
283
35
552
3
2
42
677
77
102
75
678
0
1
679
5
6
126
271
28
7
8
11
680
551
283
35
552
3
2
42
681
77
102
682
75
0
1
683
5
6
126
271
28
7
8
11
684
551
283
35
552
3
2
42
685
77
102
686
75
0
1
687
5
6
126
271
28
7
8
11
688
551
283
35
552
3
2
42
689
77
102
690
75
0
1
691
5
6
126
271
28
7
8
11
692
551
283
35
552
3
2
42
693
77
102
694
75
0
1
695
5
6
126
271
28
7
8
11
696
551
283
35
552
3
2
42
697
77
698
102
75
0
1
699
5
6
126
271
28
7
8
11
700
551
283
35
552
3
2
42
701
77
102
75
702
0
1
703
5
6
126
271
28
7
8
11
704
551
283
35
552
3
2
42
705
77
102
75
706
0
1
707
5
6
126
271
28
7
8
11
708
551
283
35
552
3
2
42
709
77
102
710
75
0
1
711
5
6
126
271
28
7
8
11
712
551
283
35
552
3
2
42
713
77
714
102
75
0
1
715
5
6
126
271
28
7
8
11
716
551
283
35
552
3
2
42
717
77
102
718
75
0
1
719
5
6
126
271
28
7
8
11
720
551
283
35
552
3
2
42
721
77
102
722
75
0
1
723
5
6
126
271
28
7
8
11
724
551
283
35
552
3
2
42
725
77
102
726
75
0
1
727
5
6
126
271
28
7
8
11
728
551
283
35
552
3
2
42
729
77
730
102
75
0
1
731
5
6
126
271
28
7
8
11
732
551
283
35
552
3
2
42
733
77
102
75
734
0
1
735
5
6
126
271
28
7
8
11
736
551
283
35
552
3
2
42
737
77
102
738
75
0
1
739
5
6
126
271
28
7
8
11
740
551
283
35
552
3
2
42
741
77
102
742
75
0
1
743
5
6
126
271
28
7
8
11
744
551
283
35
552
3
2
42
745
77
102
746
75
0
1
747
5
6
126
271
28
7
8
11
748
551
283
35
552
3
2
42
749
77
750
102
75
0
1
751
5
6
126
271
28
7
8
11
752
551
283
35
552
3
2
42
753
77
102
75
754
0
1
755
5
6
126
271
28
7
8
11
756
551
283
35
552
3
2
42
757
77
758
102
75
0
1
759
5
6
126
271
28
7
8
11
760
551
283
35
552
3
2
42
761
77
102
75
762
0
1
763
5
6
126
271
28
7
8
11
764
551
283
35
552
3
2
42
765
77
102
766
75
0
1
767
5
6
126
271
28
7
8
11
768
551
283
35
552
3
2
42
769
77
102
770
75
0
1
771
5
6
126
271
28
7
8
11
772
551
283
35
552
3
2
42
773
77
102
774
75
0
1
775
5
6
126
271
28
7
8
11
776
551
283
35
552
3
2
42
777
77
102
778
75
0
1
779
5
6
126
271
28
7
8
11
780
551
283
35
552
3
2
42
781
77
102
75
782
0
1
783
5
6
126
271
28
7
8
11
784
551
283
35
552
3
2
42
785
77
102
786
75
0
1
5
787
31
8
0
1
5
787
31
8
0
1
5
787
31
8
0
1
5
32
31
8
0
1
788
5
6
126
271
28
7
8
44
11
789
551
283
35
552
3
2
42
790
77
102
791
0
1
792
5
6
126
271
28
7
8
44
11
793
551
283
35
552
3
2
42
794
0
1
795
5
6
126
271
28
7
8
44
11
796
551
283
35
552
3
2
42
797
77
102
0
1
798
5
6
126
271
28
7
8
44
11
799
551
283
35
552
3
2
42
800
77
102
801
0
1
802
5
6
126
271
28
7
8
44
11
803
551
283
35
552
3
2
42
804
0
1
805
5
6
126
271
28
7
8
44
11
806
551
283
35
552
3
2
42
807
77
808
102
0
1
809
5
6
126
271
28
7
8
44
11
810
551
283
35
552
3
2
42
811
0
1
812
5
6
126
271
28
7
8
44
11
813
551
283
35
552
3
2
42
814
77
815
102
0
1
816
5
6
126
271
28
7
8
44
11
817
551
283
35
552
3
2
42
818
0
1
819
5
6
126
271
28
7
8
44
11
820
551
283
35
552
3
2
42
821
0
1
822
5
6
126
271
28
7
8
44
11
823
551
283
35
552
3
2
42
824
77
825
102
0
1
826
5
6
126
271
28
7
8
44
11
827
551
283
35
552
3
2
42
828
0
1
829
5
6
126
271
28
7
8
44
11
830
551
283
35
552
3
2
42
831
0
1
832
5
6
126
271
28
7
8
44
11
833
551
283
35
552
3
2
42
834
77
835
102
0
1
836
5
6
126
271
28
7
8
44
11
837
551
283
35
552
3
2
42
838
0
1
839
5
6
126
271
28
7
8
44
11
840
551
283
35
552
3
2
42
841
0
1
842
5
6
126
271
28
7
8
44
11
843
551
283
35
552
3
2
42
844
0
1
11
104
15
16
44
340
96
91
35
845
45
32
331
432
846
847
848
849
17
4
850
384
90
851
58
337
3
852
853
854
855
856
857
358
858
350
56
57
859
63
47
69
60
860
62
861
862
863
389
0
1
11
104
15
16
44
340
96
91
35
845
45
32
331
432
846
847
848
849
17
4
850
384
90
851
58
337
3
852
853
854
855
856
857
358
858
350
56
57
859
63
47
69
60
860
62
861
71
862
863
389
864
0
1
11
104
15
16
44
340
96
91
35
845
45
32
331
432
846
847
848
849
17
4
850
384
90
851
58
337
3
852
853
854
855
856
857
358
858
350
56
57
859
63
47
69
60
860
71
62
861
863
389
864
0
1
11
104
15
16
44
340
96
91
35
845
45
32
331
432
846
847
848
849
17
4
850
384
90
851
58
337
3
852
853
854
855
856
857
358
858
350
56
57
859
63
47
69
60
860
62
71
861
862
863
864
389
0
1
11
104
15
16
44
340
96
91
35
845
45
32
331
432
846
847
848
849
17
4
850
384
90
851
58
337
3
852
853
854
855
856
857
358
858
350
56
57
859
63
47
69
60
860
71
62
861
862
863
864
389
0
1
34
38
44
77
8
102
865
5
6
7
283
3
866
90
35
24
18
272
320
4
867
341
11
88
32
338
868
91
126
869
72
436
870
871
872
52
439
373
25
340
440
389
441
391
16
384
873
58
874
875
350
876
346
877
878
415
387
70
356
47
879
432
438
880
66
881
45
882
344
883
884
365
885
0
1
34
38
44
77
8
102
886
5
6
7
283
3
90
35
24
18
272
320
4
867
341
11
88
32
338
91
126
869
72
436
870
871
887
52
439
373
25
340
440
389
441
391
16
384
873
58
874
888
875
350
876
346
42
877
878
415
387
70
356
47
879
432
438
880
66
881
45
882
344
883
884
365
885
0
1
34
38
44
77
8
102
889
5
6
7
283
3
866
90
35
24
18
272
320
4
867
341
11
88
32
338
91
126
869
72
436
870
871
890
52
439
373
25
340
440
389
441
391
16
384
873
58
874
888
875
350
876
346
42
877
878
415
387
70
356
47
879
432
438
880
66
881
45
882
344
883
884
365
885
0
1
34
38
44
77
8
102
891
5
6
7
283
3
866
90
35
24
18
272
320
4
867
341
11
88
32
338
91
126
869
72
436
870
871
892
52
439
373
25
340
440
389
441
391
16
384
873
58
874
888
875
350
876
346
42
877
878
415
387
70
356
47
879
432
438
880
66
881
45
882
344
883
884
365
885
0
1
34
38
44
77
8
102
893
5
6
7
283
3
866
90
35
24
18
272
320
4
867
341
11
88
32
338
868
91
126
869
72
436
870
871
894
52
439
373
25
340
440
389
441
391
16
384
873
58
874
875
350
876
346
877
878
415
387
70
356
47
879
432
438
880
66
881
45
882
344
883
884
365
885
0
1
34
38
44
77
8
102
895
5
6
7
283
3
866
90
35
24
18
272
320
4
867
341
11
88
32
338
868
91
126
869
72
436
870
871
896
52
439
373
25
340
440
389
441
391
16
384
873
58
874
875
350
876
346
877
878
415
387
70
356
47
879
432
438
880
66
881
45
882
344
883
884
365
885
0
1
44
77
8
102
897
5
6
7
27
283
898
85
3
90
35
24
10
18
272
320
4
11
38
34
88
32
338
91
431
126
436
870
871
899
52
869
72
439
373
340
440
389
441
391
16
384
873
58
874
888
875
350
876
346
42
900
901
902
877
878
415
387
70
356
47
879
432
438
880
66
881
45
882
344
883
884
365
92
388
390
69
903
60
904
55
62
94
392
343
449
395
450
905
319
906
907
908
909
910
885
0
1
44
77
8
102
911
5
6
7
27
283
898
85
3
90
35
24
10
18
272
320
4
11
38
34
88
32
338
91
431
126
436
870
871
912
52
869
72
439
373
340
440
389
441
391
16
384
873
58
874
888
875
350
876
346
42
900
901
902
877
878
415
387
70
356
47
879
432
438
880
66
881
45
882
344
883
884
365
92
388
390
69
903
60
904
55
62
94
392
343
449
395
450
905
319
907
906
910
909
908
885
0
1
44
77
8
102
913
5
6
7
27
283
898
85
3
90
35
24
10
18
272
320
4
11
38
34
88
32
338
91
431
126
436
870
871
914
52
869
72
439
373
340
440
389
441
391
16
384
873
58
874
888
875
350
876
346
42
900
901
902
877
878
415
387
70
356
47
879
432
438
880
66
881
45
882
344
883
884
365
92
388
390
69
903
60
904
55
62
94
392
343
395
449
450
906
907
319
905
908
909
910
885
0
1
44
77
8
102
915
5
6
7
27
283
898
85
3
90
35
24
10
18
272
320
4
11
38
34
88
32
338
91
431
126
436
870
871
916
52
869
72
439
373
340
440
389
441
391
16
384
873
58
874
888
875
350
876
346
42
900
901
902
877
878
415
387
70
356
47
879
432
438
880
66
881
45
882
344
883
884
365
92
388
390
69
903
60
904
55
62
94
392
343
449
395
450
907
906
905
319
910
908
909
885
0
1
44
77
8
102
917
5
6
7
27
283
898
85
3
90
35
24
10
18
272
320
4
11
38
34
88
32
338
91
431
126
436
870
871
918
52
869
72
439
373
340
440
389
441
391
16
384
873
58
874
888
875
350
876
346
42
900
901
902
877
878
415
387
70
356
47
879
432
438
880
66
881
45
882
344
883
884
365
92
388
390
69
903
60
904
55
62
94
392
343
449
395
450
906
905
319
907
908
909
910
885
0
1
919
5
6
126
271
28
7
8
100
0
1
920
5
6
126
271
28
7
8
22
0
1
921
5
6
126
271
28
7
8
22
0
1
922
5
6
126
271
28
7
8
0
1
922
5
6
126
271
28
7
8
0
1
923
5
6
126
271
28
7
8
9
100
0
1
924
5
6
126
271
28
7
8
0
1
925
5
6
126
271
28
7
8
18
0
1
926
5
6
126
271
28
7
8
11
22
0
1
927
5
6
126
271
28
7
8
928
18
4
22
0
1
929
5
6
126
271
28
7
8
11
34
0
1
11
34
9
77
8
102
5
6
7
104
35
18
45
105
85
32
106
0
1
11
34
9
77
8
102
5
6
7
104
35
18
45
105
85
32
106
0
1
11
34
9
77
8
102
5
6
7
104
35
18
45
105
85
32
106
0
1
11
34
9
77
8
102
5
103
7
104
35
18
45
105
85
32
106
0
1
11
34
9
77
8
102
5
6
7
104
35
18
45
105
85
32
106
0
1
11
34
9
77
8
102
5
103
7
104
35
18
45
105
85
32
106
108
0
1
11
34
9
77
8
102
5
6
7
104
35
18
45
105
85
32
106
0
1
11
34
9
77
8
102
5
103
7
104
35
18
45
105
85
32
106
108
0
1
11
34
9
77
8
102
5
6
7
104
35
18
45
105
85
32
106
0
1
11
34
9
77
8
102
5
103
7
104
35
18
45
105
85
32
106
0
1
11
34
9
77
8
102
5
103
7
104
35
18
45
105
85
32
106
0
1
11
34
9
77
8
102
5
103
7
104
35
18
45
105
85
32
106
108
0
1
11
34
9
77
8
102
5
103
7
104
35
18
45
105
85
32
106
108
0
1
11
34
5
77
8
102
6
7
104
35
18
45
105
85
32
106
0
1
3
7
8
19
0
1
3
7
8
19
0
1
3
7
8
19
0
1
3
7
8
19
0
1
3
7
8
19
0
1
3
7
8
19
0
1
3
7
8
19
0
1
3
7
8
19
0
1
3
7
8
19
0
1
3
7
8
19
0
1
3
7
8
19
0
1
3
7
8
19
0
1
3
7
8
19
0
1
3
7
8
19
0
1
9
11
34
88
930
356
931
932
933
44
35
3
0
1
44
9
11
34
930
356
934
932
933
35
3
0
1
9
11
34
88
930
356
931
932
933
44
35
3
0
1
9
11
34
930
356
934
932
933
44
35
3
0
1
9
11
34
88
930
356
931
932
933
44
35
3
0
1
935
936
8
5
7
9
11
104
35
18
45
105
85
32
106
0
1
9
937
5
6
7
8
11
34
104
35
18
45
105
85
32
106
108
0
1
938
936
8
5
7
9
11
104
35
18
45
105
85
32
106
0
1
939
936
8
5
7
11
34
9
104
35
18
45
105
85
32
106
108
0
1
5
7
8
331
369
16
30
32
17
22
0
1
5
7
8
331
369
16
32
22
0
1
5
7
8
331
369
16
32
17
22
0
1
5
7
8
331
369
16
30
324
0
1
5
7
8
331
369
16
30
94
0
1
5
7
8
331
369
16
44
0
1
5
7
8
331
369
16
32
17
22
0
1
5
7
8
331
369
16
30
324
0
1
5
7
8
331
369
16
30
19
0
1
5
7
8
331
369
16
32
17
22
0
1
5
7
8
331
369
16
30
44
0
1
5
7
8
331
369
16
30
44
10
109
32
0
1
28
76
77
8
5
102
7
32
0
1
5
28
76
77
8
102
7
32
0
1
28
5
76
77
8
102
7
32
0
1
28
5
76
77
8
102
7
32
0
1
5
28
76
77
8
102
7
32
0
1
28
5
76
77
8
102
7
32
0
1
28
5
76
77
8
102
7
32
0
1
76
28
5
77
8
102
7
32
0
1
28
5
76
77
8
102
7
32
0
1
28
5
76
77
8
102
7
32
0
1
76
5
28
77
8
102
7
32
0
1
76
28
5
77
8
102
7
32
0
1
28
5
76
77
8
102
7
32
0
1
28
76
5
77
8
102
7
32
0
1
5
28
76
77
8
102
7
32
0
1
28
5
76
77
8
102
7
32
0
1
28
5
76
77
8
102
7
32
0
1
28
5
76
77
8
102
7
32
0
1
5
28
76
77
8
102
7
32
0
1
11
18
3
6
16
109
408
35
411
44
0
1
11
18
3
6
16
109
408
283
444
9
0
1
11
18
3
6
16
109
408
35
411
9
0
1
11
18
3
6
16
109
408
9
0
1
11
18
3
6
16
109
408
44
0
1
11
18
3
6
16
109
408
9
0
1
11
18
3
6
16
109
408
940
338
0
1
11
18
3
6
16
109
408
0
1
11
18
3
6
16
35
411
283
444
9
0
1
11
18
3
6
16
35
411
283
27
444
9
0
1
11
18
3
6
16
35
411
283
444
9
0
1
11
18
3
6
16
35
411
283
34
0
1
11
18
3
6
16
35
411
109
408
9
0
1
11
18
3
6
16
109
408
44
0
1
11
38
9
18
111
76
75
112
113
7
8
35
39
40
4
42
17
41
43
32
44
87
105
45
3
46
47
70
48
49
50
51
52
53
60
61
54
56
57
58
71
59
63
69
62
64
65
67
68
66
0
1
11
38
9
18
111
76
75
112
113
7
8
35
39
40
4
42
17
41
43
32
44
87
105
45
3
46
47
70
48
49
50
51
52
53
60
61
54
56
57
58
71
72
59
63
62
64
65
69
67
68
66
0
1
11
38
9
18
111
76
75
112
113
7
8
35
39
40
4
42
17
41
43
32
44
87
105
45
3
46
47
70
48
49
50
51
52
53
60
61
54
56
57
58
71
72
59
69
63
64
65
67
66
68
62
0
1
11
38
9
18
111
76
75
112
113
7
8
35
39
40
4
42
17
41
43
32
44
87
105
45
3
46
47
70
48
49
50
51
52
53
60
61
54
56
57
58
72
59
63
69
62
64
65
67
66
68
0
1
11
38
9
18
111
76
75
112
113
7
8
35
39
40
4
42
17
41
43
32
44
87
105
45
3
46
47
70
48
49
50
51
52
53
60
61
54
56
57
58
71
72
59
63
69
62
64
65
67
68
66
0
1
11
38
9
18
111
76
75
112
113
7
8
35
39
40
4
42
17
41
43
32
44
87
105
45
3
46
47
70
48
49
50
51
52
53
60
61
54
56
57
58
59
63
62
64
67
69
65
66
68
0
1
11
38
9
18
111
76
75
112
113
7
8
35
39
40
4
42
17
41
43
32
44
87
105
45
3
46
47
70
48
49
50
51
52
53
60
61
54
56
57
58
71
72
59
63
69
62
64
65
67
68
66
0
1
11
38
9
18
111
76
75
112
113
7
8
35
39
40
4
42
17
41
43
32
44
87
105
45
3
46
47
70
48
49
50
51
52
53
60
61
54
56
57
58
71
72
59
63
69
62
64
65
67
68
66
0
1
11
38
9
18
111
76
75
112
113
7
8
35
39
40
4
42
17
41
43
32
44
87
105
45
3
46
47
70
48
49
50
51
52
53
60
61
54
56
57
58
72
59
69
64
63
65
67
62
68
66
0
1
11
38
9
18
111
76
75
112
113
7
8
35
39
40
4
42
17
41
43
32
44
87
105
45
3
46
47
70
48
49
50
51
52
53
60
61
54
56
57
58
71
72
59
63
69
62
64
65
67
68
66
0
1
11
38
9
18
111
76
75
112
113
7
8
35
39
40
4
42
17
41
43
32
44
87
105
45
3
46
47
70
48
49
50
51
52
53
60
61
54
56
57
58
71
72
59
69
63
62
64
65
68
67
66
0
1
11
38
9
18
111
76
75
112
113
7
8
35
39
40
4
42
17
41
43
32
44
87
105
45
3
46
47
70
48
49
50
51
52
53
60
61
54
56
57
58
71
72
59
63
69
62
64
65
67
68
66
0
1
11
38
9
18
111
76
75
112
113
7
8
35
39
40
4
42
17
41
43
32
44
87
105
45
3
46
47
70
48
49
50
51
52
53
60
61
54
56
57
58
63
69
62
64
65
67
68
66
0
1
11
38
9
18
111
76
75
112
113
7
8
35
39
40
4
42
17
41
43
32
44
87
105
45
3
46
47
70
48
49
50
51
52
53
60
61
54
56
57
58
71
63
69
62
64
65
67
68
72
66
0
1
11
9
34
941
76
942
75
7
8
45
109
105
85
104
943
402
0
1
11
9
34
111
76
112
75
7
8
44
364
45
109
105
85
104
943
402
0
1
11
9
34
941
76
942
75
7
8
45
109
105
85
104
943
402
0
1
11
9
34
111
76
112
75
7
8
44
364
45
109
105
85
104
943
402
0
1
35
85
86
87
38
34
88
18
45
3
338
340
11
91
126
44
32
51
436
944
283
346
42
105
438
439
373
70
358
440
389
441
391
16
384
356
47
945
66
95
444
946
55
72
60
93
108
947
92
388
390
69
948
62
94
392
58
343
449
395
450
949
25
950
951
0
1
35
85
86
87
5
7
8
32
51
38
34
88
18
45
3
338
340
11
91
126
44
436
944
283
346
42
105
438
439
373
70
358
440
389
441
391
16
384
356
47
945
66
95
444
946
55
72
60
93
108
947
92
388
390
69
948
62
94
392
58
343
449
395
450
949
25
950
0
1
90
35
24
27
38
34
88
18
45
85
3
338
340
11
91
126
283
44
32
436
952
346
42
438
439
373
70
358
440
389
441
391
16
384
356
47
953
66
444
954
55
72
60
955
92
388
390
69
956
62
94
392
58
343
449
395
450
957
958
25
0
1
109
35
85
86
87
38
34
88
18
45
3
338
340
11
91
126
44
32
436
944
283
346
42
105
438
439
373
70
358
440
389
441
391
16
384
356
47
945
66
95
444
946
55
72
60
93
108
947
92
388
390
69
948
62
94
392
58
343
449
395
450
949
25
950
0
1
35
85
86
87
38
34
88
18
45
3
338
340
11
91
126
44
32
51
436
944
283
346
42
105
438
439
373
70
358
440
389
441
391
16
384
356
47
945
66
95
444
946
55
72
60
93
108
947
92
388
390
69
948
62
94
392
58
343
449
395
450
949
25
950
0
1
35
85
86
87
38
34
88
18
45
3
338
340
11
91
126
44
32
51
436
944
283
346
42
105
438
439
373
70
358
440
389
441
391
16
384
356
47
945
66
95
444
946
55
72
60
93
108
947
92
388
390
69
948
62
94
392
58
343
449
395
450
949
25
950
951
0
1
11
514
77
8
102
0
1
11
514
77
8
102
0
1
11
959
77
8
102
0
1
27
28
2
0
1
27
28
2
0
1
27
28
2
0
1
27
28
2
0
1
27
28
2
0
1
27
28
2
0
1
27
28
2
0
1
27
28
2
0
1
27
28
2
0
1
27
28
2
0
1
27
28
2
0
1
27
28
2
0
1
27
28
2
0
1
27
28
2
0
1
27
28
2
0
1
27
28
2
0
1
27
28
2
0
1
27
28
2
0
1
27
28
2
0
1
27
28
2
0
1
27
28
2
0
1
27
28
2
0
1
27
28
2
0
1
27
28
2
0
1
27
28
2
0
1
27
28
2
0
1
27
28
2
0
1
27
28
2
0
1
27
28
2
0
1
27
28
2
0
1
27
28
2
0
1
27
28
2
0
1
27
28
2
0
1
283
32
105
38
34
19
18
5
960
961
126
286
0
1
283
32
105
38
34
19
18
5
962
963
126
286
0
1
283
32
105
38
34
19
18
5
964
965
126
286
0
1
283
32
105
38
34
19
18
5
966
967
126
286
0
1
283
32
105
38
34
19
18
5
968
969
126
286
0
1
283
32
105
38
34
19
18
5
970
971
126
286
0
1
283
32
105
38
34
19
18
5
972
973
126
286
0
1
283
32
105
38
34
19
18
5
974
975
126
286
0
1
283
32
105
38
34
19
18
5
976
977
126
286
0
1
283
32
105
38
34
19
18
5
978
979
126
286
0
1
283
32
105
38
34
19
18
5
980
981
126
286
0
1
283
32
105
38
34
19
18
5
982
983
126
286
0
1
283
32
105
38
34
19
18
5
984
985
126
286
0
1
283
32
105
38
34
19
18
5
986
987
126
286
17
22
0
1
283
32
105
38
34
19
18
5
988
989
126
286
0
1
283
32
105
38
34
19
18
5
990
991
126
286
0
1
283
32
105
38
34
19
18
5
992
993
126
286
0
1
283
32
105
38
34
19
18
5
994
995
126
286
0
1
283
32
105
38
34
19
18
5
996
997
126
286
17
22
0
1
283
32
105
38
34
19
18
5
998
999
126
286
17
22
0
1
283
32
105
38
34
19
18
5
1000
1001
126
286
0
1
283
32
105
38
34
19
18
5
1002
1003
126
286
0
1
283
32
105
38
34
19
18
5
1004
1005
126
286
25
0
1
283
32
105
38
34
19
18
5
1006
1007
126
286
35
272
0
1
283
32
105
38
34
19
18
5
1008
1009
126
286
0
1
283
32
105
38
34
19
18
5
1010
1011
126
286
44
0
1
283
32
105
38
34
19
18
5
1012
1013
126
286
1014
0
1
283
32
105
38
34
19
18
5
1015
1016
126
286
0
1
283
32
105
38
34
19
18
5
1017
1018
126
286
0
1
283
32
105
38
34
19
18
5
1019
1020
126
286
0
1
283
32
105
38
34
19
18
5
1021
1022
126
286
17
22
0
1
283
32
105
38
34
19
18
5
1023
1024
126
286
0
1
283
32
105
38
34
19
18
5
1025
1026
126
286
0
1
283
32
105
38
34
19
18
5
1027
1028
126
286
0
1
283
32
105
38
34
19
18
5
1029
1030
126
286
0
1
283
32
105
38
34
19
18
5
1031
1032
126
286
0
1
283
32
105
38
34
19
18
5
1033
1034
126
286
0
1
283
32
105
38
34
19
18
5
1035
1036
126
286
364
340
0
1
283
32
105
38
34
19
18
5
1037
1038
126
286
0
1
283
32
105
38
34
19
18
5
1039
1040
126
286
0
1
283
32
105
38
34
19
18
5
1041
1042
126
286
0
1
283
32
105
38
34
19
18
5
1043
1044
126
286
77
8
0
1
283
32
105
38
34
19
18
5
1045
1046
126
286
0
1
283
32
105
38
34
19
18
5
1047
1048
126
286
25
100
0
1
283
32
105
38
34
19
18
5
1049
1050
126
286
0
1
283
32
105
38
34
19
18
5
1051
1052
126
286
0
1
283
32
105
38
34
19
18
5
1053
1054
126
286
0
1
283
32
105
38
34
19
18
5
1055
1056
126
286
0
1
283
32
105
38
34
19
18
5
1057
1058
126
286
0
1
283
32
105
38
34
19
18
5
1059
1060
126
286
0
1
283
32
105
38
34
19
18
5
1061
1062
126
286
0
1
283
32
105
38
34
19
18
5
1063
1064
126
286
0
1
283
32
105
38
34
19
18
5
1065
1066
126
286
0
1
283
32
105
38
34
19
18
5
1067
1068
126
286
0
1
283
32
105
38
34
19
18
5
1069
1070
126
286
0
1
283
32
105
38
34
19
18
5
1071
1072
126
286
0
1
283
32
105
38
34
19
18
5
1073
1074
126
286
0
1
283
32
105
38
34
19
18
5
1075
1076
126
286
0
1
283
32
105
38
34
19
18
5
1077
1078
126
286
0
1
283
32
105
38
34
19
18
5
1079
1080
126
286
17
22
0
1
283
32
105
38
34
19
18
5
1081
1082
126
286
0
1
283
32
105
38
34
19
18
5
1083
1084
126
286
514
0
1
283
32
105
38
34
19
18
5
1085
1086
126
286
0
1
283
32
105
38
34
19
18
5
1087
1088
126
286
0
1
283
32
105
38
34
19
18
5
1089
1090
126
286
17
22
0
1
283
32
105
38
34
19
18
5
1091
1092
126
286
0
1
283
32
105
38
34
19
18
5
1093
1094
126
286
0
1
283
32
105
38
34
19
18
5
1095
1096
126
286
0
1
283
32
105
38
34
19
18
5
1097
1098
126
286
0
1
283
32
105
38
34
19
18
5
1099
1100
126
286
0
1
283
32
105
38
34
19
18
5
1101
1102
126
286
0
1
283
32
105
38
34
19
18
5
1103
1104
126
286
0
1
283
32
105
38
34
5
1105
1106
126
286
0
1
283
32
105
38
34
5
1107
1108
126
286
0
1
283
32
105
38
34
5
1109
1110
126
286
0
1
283
32
105
38
34
5
1111
1112
126
286
0
1
283
32
105
38
34
5
1113
1114
126
286
0
1
283
32
105
38
34
5
1115
1116
126
286
0
1
283
32
105
38
34
5
1117
1118
126
286
0
1
283
32
105
38
34
5
1119
1120
126
286
0
1
283
32
105
38
34
5
1121
1122
126
286
0
1
283
32
105
38
34
5
1123
1124
126
286
0
1
283
32
105
38
34
5
1125
1126
126
286
0
1
283
32
105
38
34
5
1127
1128
126
286
0
1
283
32
105
38
34
5
1129
1130
126
286
0
1
283
32
105
38
34
5
1131
1132
126
286
0
1
283
32
105
38
34
5
1133
1134
126
286
0
1
283
32
105
38
34
5
1133
1134
126
286
0
1
283
32
105
38
34
5
1133
1134
126
286
0
1
283
32
105
38
34
5
1135
1136
126
286
0
1
283
32
105
38
34
19
5
1137
1138
126
286
0
1
283
32
105
38
34
5
1139
1140
126
286
0
1
283
32
105
38
34
5
1141
1142
126
286
0
1
283
32
105
38
34
5
1143
1144
126
286
0
1
283
32
105
38
34
5
1145
1146
126
286
0
1
283
32
105
38
34
5
1147
1148
126
286
0
1
283
32
105
38
34
5
1149
1150
126
286
0
1
283
32
105
38
34
5
1151
1152
126
286
0
1
283
32
105
38
34
5
1153
1154
126
286
0
1
283
32
105
38
34
5
1155
1156
126
286
0
1
283
32
105
38
34
5
1157
1158
126
286
0
1
283
32
105
38
34
5
1159
1160
126
286
0
1
283
32
105
38
34
5
1161
1162
126
286
0
1
283
32
105
38
34
5
1163
1164
126
286
0
1
283
32
105
38
34
5
1165
1166
126
286
0
1
283
32
105
38
34
5
1167
1168
126
286
0
1
283
32
105
38
34
5
1169
1170
126
286
0
1
283
32
105
38
34
5
1171
1172
126
286
0
1
283
32
105
38
34
5
1173
1174
126
286
0
1
283
32
105
38
34
5
1175
1176
126
286
0
1
283
32
105
38
34
5
1177
1178
126
286
0
1
283
32
105
38
34
5
1179
1180
126
286
0
1
283
32
105
38
34
5
1181
1182
126
286
0
1
283
32
105
38
34
5
1183
1184
126
286
0
1
283
32
105
38
34
5
1185
1186
126
286
0
1
283
32
105
38
34
5
1187
1188
126
286
0
1
283
32
105
38
34
5
1189
1190
126
286
0
1
283
32
105
38
34
5
1191
1192
126
286
0
1
283
32
105
38
34
5
1193
1194
126
286
0
1
5
1195
126
271
0
1
5
1195
126
271
0
1
5
1196
126
271
0
1
5
1197
126
0
1
5
1198
126
0
1
5
6
7
8
19
18
11
34
341
35
1199
338
272
24
1200
4
1201
1202
928
365
358
1203
344
25
1204
0
1
5
6
7
8
19
18
11
34
341
35
1199
338
272
24
1200
4
1201
1202
928
365
358
1203
344
17
22
0
1
5
6
7
8
19
18
11
34
341
35
1199
338
272
24
1200
4
1201
1202
928
365
358
1203
344
25
0
1
5
6
7
8
19
18
11
34
341
35
1199
338
272
24
1200
4
1201
1202
928
365
358
1203
344
0
1
5
6
7
8
19
18
11
34
341
35
1199
338
272
24
1200
4
1201
1202
928
365
358
1203
344
44
0
1
5
6
7
8
19
18
11
34
341
35
1199
338
272
24
1200
4
1201
1202
928
365
358
1203
344
0
1
5
6
7
8
19
18
11
34
341
35
1199
338
272
24
1200
4
1201
1202
928
365
358
1203
344
283
12
0
1
5
6
7
8
19
18
11
34
341
35
1199
338
272
24
1200
4
1201
1202
928
365
358
1203
344
0
1
5
6
7
8
19
18
11
34
341
35
1199
338
272
24
1200
4
1201
1202
928
365
358
1203
344
349
22
0
1
5
6
7
8
19
18
11
34
341
35
1199
338
272
24
1200
4
1201
1202
928
365
358
1203
344
44
0
1
5
6
7
8
19
18
11
34
341
35
1199
338
272
24
1200
4
1201
1202
928
365
358
1203
344
1205
1206
22
0
1
5
6
7
8
19
18
11
34
341
35
1199
338
272
24
1200
4
1201
1202
928
365
358
1203
344
17
3
1207
21
1208
1209
42
16
126
1210
321
94
514
1211
0
1
5
6
7
8
19
18
11
34
341
35
1199
338
272
24
1200
4
1201
1202
928
365
358
1203
344
44
88
15
16
17
552
3
45
408
1212
350
787
1213
411
438
1214
1215
100
0
1
5
6
7
8
19
18
11
34
341
35
1199
338
272
24
1200
4
1201
1202
928
365
358
1203
344
44
100
0
1
5
6
7
8
19
18
11
34
341
35
1199
338
272
24
1200
4
1201
1202
928
365
358
1203
344
349
3
99
0
1
5
6
7
8
19
18
11
34
341
35
1199
338
272
24
1200
4
1201
1202
928
365
358
1203
344
22
0
1
5
6
7
8
19
18
11
34
341
35
1199
338
272
24
1200
4
1201
1202
928
365
358
1203
344
0
1
5
6
7
8
19
18
11
34
341
35
1199
338
272
24
1200
4
1201
1202
928
365
358
1203
344
0
1
5
6
7
8
19
18
11
34
341
35
1199
338
272
24
1200
4
1201
1202
928
365
358
1203
344
100
0
1
5
6
7
8
19
18
11
34
341
35
1199
338
272
24
1200
4
1201
1202
928
365
358
1203
344
17
22
0
1
5
6
7
8
19
18
11
34
341
35
1199
338
272
24
1200
4
1201
1202
928
365
358
1203
344
25
100
0
1
5
6
7
8
19
18
11
34
341
35
1199
338
272
24
1200
4
1201
1202
928
365
358
1203
344
364
21
17
22
0
1
5
6
7
8
19
18
11
34
341
35
1199
338
272
24
1200
4
1201
1202
928
365
358
1203
344
100
0
1
5
6
7
8
19
18
11
34
341
35
1199
338
272
24
1200
4
1201
1202
928
365
358
1203
344
44
0
1
5
6
7
8
19
18
11
34
341
35
1199
338
272
24
1200
4
1201
1202
928
365
358
1203
344
0
1
5
6
7
8
19
18
11
34
341
35
1199
338
272
24
1200
4
1201
1202
928
365
358
1203
344
97
9
0
1
5
6
7
8
19
18
11
34
341
35
1199
338
272
24
1200
4
1201
1202
928
365
358
1203
344
349
100
0
1
5
6
7
8
19
18
11
34
341
35
1199
338
272
24
1200
4
1201
1202
928
365
358
1203
344
23
1205
100
0
1
5
6
7
8
19
18
11
34
341
35
1199
338
272
24
1200
4
1201
1202
928
365
358
1203
344
1216
17
22
0
1
34
11
45
91
4
16
92
58
72
55
93
60
94
95
62
0
1
34
11
45
91
4
16
92
58
72
93
60
55
47
62
95
94
69
0
1
27
34
35
91
4
16
92
58
55
93
60
72
94
62
95
0
1
34
11
45
91
4
16
70
92
58
72
55
93
60
94
95
62
0
1
34
11
45
91
4
16
92
58
72
55
93
60
69
47
94
62
95
0
1
34
11
45
91
4
16
70
92
58
72
93
55
94
62
95
60
0
1
34
11
45
91
4
16
70
92
58
72
93
60
55
94
95
62
0
1
34
11
45
91
4
16
70
92
58
72
93
60
94
62
55
95
0
1
34
11
45
91
4
16
70
92
58
55
72
93
94
95
60
62
0
1
11
34
45
91
4
16
92
58
72
94
95
55
93
60
62
0
1
34
11
45
91
4
16
92
58
93
60
72
94
55
62
95
0
1
34
11
45
91
4
16
92
58
55
72
93
60
94
62
95
951
35
0
1
34
11
45
91
4
16
70
92
58
72
55
93
94
62
95
60
0
1
34
11
45
91
4
16
92
58
93
60
72
55
94
62
95
35
0
1
34
11
45
91
4
16
92
58
72
93
55
60
94
95
62
35
0
1
34
11
45
91
4
16
70
92
58
72
55
93
60
94
62
95
344
35
407
951
0
1
11
34
45
91
4
16
92
58
55
93
60
94
62
95
72
0
1
34
11
45
91
4
16
92
58
72
55
93
60
94
95
62
0
1
34
11
45
91
4
16
92
58
55
72
94
62
93
95
60
0
1
34
11
45
91
4
16
92
58
93
72
55
94
95
60
62
0
1
34
11
45
91
4
16
92
58
93
72
55
94
62
95
60
0
1
34
11
45
91
4
16
92
58
72
93
55
94
62
95
60
0
1
18
11
34
45
91
4
16
92
58
72
55
93
60
94
62
95
5
7
8
19
22
0
1
11
34
45
91
4
16
92
58
72
55
93
94
62
95
60
0
1
34
11
45
91
4
16
92
58
55
72
62
95
93
94
60
344
35
407
424
0
1
34
11
45
91
4
16
92
58
72
93
94
62
55
60
95
0
1
34
11
45
91
4
16
92
58
72
93
60
69
47
55
94
62
95
0
1
34
11
45
91
4
16
92
58
55
93
60
72
94
62
95
0
1
34
11
45
91
4
16
92
58
72
55
93
94
62
95
60
0
1
11
34
45
91
4
16
92
58
55
93
60
72
94
62
95
0
1
34
11
45
91
4
16
70
92
58
55
94
72
93
60
62
95
0
1
34
11
45
91
4
16
92
58
72
93
60
94
95
55
62
35
0
1
11
34
45
91
4
16
92
58
72
93
60
55
94
62
95
0
1
11
34
45
91
4
16
92
58
93
60
72
55
62
94
95
0
1
34
11
45
91
4
16
70
92
58
72
55
93
60
94
62
95
0
1
34
11
45
91
4
16
70
92
58
55
93
60
94
95
72
62
344
35
951
407
0
1
11
34
45
91
4
16
92
58
72
93
60
55
94
95
62
0
1
11
34
45
91
4
16
92
58
72
94
93
60
62
55
95
0
1
34
11
45
91
4
16
70
92
58
93
72
55
60
94
95
62
0
1
34
11
45
91
4
16
92
58
72
55
93
60
94
62
95
0
1
34
11
45
91
4
16
92
58
72
55
94
62
93
95
60
0
1
34
11
45
91
4
16
92
58
93
60
55
72
94
62
95
0
1
34
11
45
91
4
16
92
58
55
72
69
47
94
93
95
60
62
0
1
34
11
45
91
4
16
70
92
58
72
55
93
60
94
62
95
0
1
34
11
45
91
4
16
92
58
93
55
60
94
95
62
72
344
35
407
424
0
1
34
11
45
91
4
16
92
58
72
93
60
94
62
55
95
0
1
11
34
45
91
4
16
92
58
72
55
93
60
94
62
95
0
1
34
11
45
91
4
16
70
92
58
55
72
94
93
60
62
95
0
1
34
11
45
91
4
16
92
58
72
55
93
60
94
62
95
0
1
34
11
45
91
4
16
70
92
58
72
55
93
94
95
62
60
35
344
424
407
0
1
34
11
45
91
4
16
92
58
93
94
72
55
62
95
60
0
1
11
34
45
91
4
16
35
108
70
340
44
440
389
441
391
109
92
58
72
55
93
60
94
62
95
0
1
11
34
45
91
4
16
92
58
55
93
60
94
62
95
72
0
1
34
11
45
91
4
16
70
92
58
72
55
93
60
94
62
95
0
1
34
11
45
91
4
16
92
58
72
55
93
60
69
47
94
62
95
0
1
34
11
45
91
4
16
70
92
58
72
93
60
55
94
62
95
0
1
32
1217
126
1218
28
514
7
8
19
0
1
32
1217
126
1218
28
514
7
8
0
1
32
1217
126
1218
28
514
7
8
19
0
1
32
1217
126
1218
28
514
7
8
100
0
1
32
1217
126
1218
28
514
7
8
0
1
32
1217
126
1218
28
514
7
8
0
1
11
34
9
5
77
8
102
103
7
104
35
18
1219
41
30
76
45
105
85
32
106
115
0
1
11
34
9
5
77
8
102
103
7
104
35
18
1220
41
30
76
45
105
85
32
106
115
0
1
11
34
9
5
77
8
102
103
7
104
35
18
1221
41
30
76
45
105
85
32
106
115
0
1
11
34
9
5
77
8
102
6
7
104
35
18
1222
41
30
76
45
105
85
32
106
115
0
1
11
34
9
5
77
8
102
103
7
104
35
18
1223
41
30
76
45
105
85
32
106
115
0
1
11
34
9
5
77
8
102
6
7
104
35
18
1224
41
30
76
45
105
85
32
106
115
0
1
11
34
9
5
77
8
102
6
7
104
35
18
1225
41
30
76
45
105
85
32
106
115
0
1
11
34
9
5
77
8
102
6
7
104
35
18
1226
41
30
76
45
105
85
32
106
115
0
1
11
34
9
5
77
8
102
6
7
104
35
18
1227
41
30
76
45
105
85
32
106
115
0
1
11
34
9
5
77
8
102
103
7
104
35
18
1228
41
30
76
45
105
85
32
106
115
0
1
11
34
9
5
77
8
102
103
7
104
35
18
1229
41
30
76
45
105
85
32
106
115
0
1
11
34
9
5
77
8
102
6
7
104
35
18
1230
41
30
76
45
105
85
32
106
115
0
1
11
34
9
5
77
8
102
103
7
104
35
18
1231
41
30
76
45
105
85
32
106
115
0
1
11
34
9
5
77
8
102
6
7
104
35
18
1232
41
30
76
45
105
85
32
106
115
0
1
11
34
9
5
77
8
102
103
7
104
35
18
1231
41
30
76
45
105
85
32
106
115
0
1
11
34
9
5
77
8
102
103
7
104
35
18
1229
41
30
76
45
105
85
32
106
115
0
1
11
34
9
5
77
8
102
6
7
104
35
18
1233
41
30
76
45
105
85
32
106
115
0
1
11
34
9
5
77
8
102
6
7
104
35
18
1233
41
30
76
45
105
85
32
106
115
0
1
11
34
9
5
77
8
102
103
7
104
35
18
1234
41
30
76
45
105
85
32
106
115
0
1
11
34
9
5
77
8
102
103
7
104
35
18
1235
41
30
76
45
105
85
32
106
115
0
1
11
34
9
5
77
8
102
103
7
104
35
18
1234
41
30
76
45
105
85
32
106
115
0
1
11
34
9
5
77
8
102
6
7
104
35
18
1236
41
30
76
45
105
85
32
106
115
0
1
11
34
9
5
77
8
102
103
7
104
35
18
1231
41
30
76
45
105
85
32
106
115
0
1
28
5
787
7
8
32
0
1
28
5
787
7
8
32
0
1
28
5
787
7
8
32
0
1
28
5
787
7
8
32
0
1
4
7
8
32
0
1
76
7
8
32
0
1
5
7
8
32
0
1
5
7
8
32
0
1
28
7
8
32
0
1
1237
7
8
32
0
1
28
7
8
32
0
1
28
7
8
32
0
1
345
7
8
32
0
1
28
7
8
32
0
1
1238
7
8
32
0
1
28
7
8
32
0
1
5
7
8
32
0
1
28
7
8
32
0
1
1239
32
31
8
0
1
28
32
936
8
0
1
1239
32
31
8
0
1
1239
32
31
8
0
1
9
32
31
8
0
1
1240
32
936
8
0
1
1239
32
31
8
0
1
1240
32
1241
8
0
1
1242
32
31
8
0
1
9
32
31
8
0
1
4
32
31
8
0
1
1243
28
5
126
271
539
1244
4
103
7
8
24
42
0
1
1245
28
5
126
271
539
1246
4
103
7
8
24
42
0
1
1247
28
5
126
271
539
1248
4
103
7
8
24
42
0
1
1249
28
5
126
271
539
1250
4
103
7
8
24
42
0
1
1251
28
5
126
271
539
1252
4
103
7
8
24
42
0
1
1253
28
5
126
271
539
1254
4
103
7
8
24
42
0
1
1255
28
5
126
271
539
1256
4
103
7
8
24
42
0
1
28
272
8
5
6
7
90
35
24
38
34
88
18
45
85
1257
0
1
283
272
8
5
6
7
90
35
24
38
34
88
18
45
85
1257
0
1
28
272
8
5
6
7
90
35
24
38
34
88
18
45
85
1257
0
1
272
8
5
6
7
90
35
24
38
34
88
18
45
85
1257
0
1
272
8
5
6
7
35
42
27
11
38
34
88
18
45
85
1257
0
1
28
272
8
5
6
7
90
35
24
38
34
18
32
1258
350
936
105
85
1257
0
1
272
8
5
6
7
35
42
27
11
38
34
88
18
45
85
1257
0
1
272
8
5
6
7
90
35
24
38
34
88
18
45
85
1257
0
1
283
272
8
5
6
7
90
35
24
38
34
88
18
45
85
1257
0
1
28
272
8
5
6
7
90
35
24
38
34
88
18
45
85
1257
0
1
18
272
8
5
6
7
11
9
34
104
45
105
85
32
106
0
1
272
8
5
6
7
35
42
27
11
38
34
88
18
45
85
1257
0
1
1259
1241
8
5
6
7
90
35
24
38
34
18
85
1257
0
1
1260
1241
8
5
6
7
90
35
24
38
34
18
85
1257
0
1
1261
1241
8
5
6
7
90
35
24
38
34
18
85
1257
0
1
1260
1241
8
5
6
7
90
35
24
38
34
18
85
1257
0
1
1262
1241
8
5
6
7
90
35
24
38
34
18
85
1257
0
1
1263
1241
8
5
6
7
90
35
24
38
34
18
85
1257
0
1
1264
1241
8
5
6
7
90
35
24
38
34
18
85
1257
0
1
1265
28
77
8
5
6
7
90
35
24
38
34
18
32
1258
350
936
105
85
1257
0
1
1266
1241
8
5
6
7
90
35
24
38
34
18
85
1257
0
1
1267
1241
8
5
6
7
90
35
24
38
34
18
85
1257
0
1
35
1259
1241
8
5
6
7
90
24
38
34
18
85
1257
0
1
28
272
8
5
6
7
1268
9
44
321
380
394
331
1269
35
91
1270
110
0
1
28
272
8
5
6
7
1268
9
44
321
380
394
331
1269
35
91
1270
110
0
1
28
272
8
5
6
7
1268
9
44
321
380
394
331
1269
35
91
1270
110
0
1
35
411
93
60
61
3
1270
1271
1272
1273
58
16
384
1274
1275
1276
1277
92
1278
4
1279
1216
69
47
98
1280
62
95
0
1
35
411
1281
60
61
3
1270
1271
1272
1282
58
16
384
1283
1275
1276
1284
92
1278
4
1285
1216
69
47
1286
98
1287
62
95
0
1
35
411
93
60
61
3
1270
1271
1272
1273
58
16
384
1274
1275
1276
1277
92
4
1278
1279
69
1216
47
1280
62
98
95
0
1
35
411
1281
60
61
3
1270
1271
1272
1282
58
16
384
1283
1275
1276
1284
92
1278
4
1285
1216
69
47
1286
98
1287
62
95
0
1
35
411
1281
60
61
3
1270
1271
1272
1282
58
16
384
1283
1275
1276
1284
92
1278
1285
1216
69
1286
4
47
1287
98
62
95
0
1
35
411
1281
60
61
3
1270
1271
1272
1282
58
16
384
1283
1275
1276
1284
92
1278
4
1285
1216
69
47
1286
98
1287
62
95
0
1
35
411
93
60
61
3
1270
1271
1272
1273
58
16
384
1274
1275
1276
1277
92
1278
4
1279
1216
69
47
98
1280
62
95
0
1
35
411
93
60
61
3
1270
1271
1272
1273
58
16
384
1274
1275
1276
1277
92
1278
4
1279
69
47
98
1216
1280
95
62
0
1
35
411
93
60
61
3
1270
1271
1272
1273
58
16
384
1274
1275
1276
1277
92
1278
4
1279
1216
69
47
98
1280
62
95
0
1
35
411
1281
60
61
3
1270
1271
1272
1282
58
16
384
1283
1275
1276
1284
92
1286
1278
4
1285
69
1216
47
1287
95
98
62
0
1
35
411
93
60
61
3
1270
1271
1272
1273
58
16
384
1274
1275
1276
1277
92
1278
4
1279
1216
69
47
98
1280
62
95
0
1
1288
1289
29
3
5
6
30
7
8
11
9
1290
320
126
1218
75
77
102
103
35
1216
1291
0
1
1292
1293
29
3
5
6
30
7
8
11
9
1290
320
126
1218
75
77
102
103
1294
44
1269
92
98
110
0
1
1295
1296
29
3
5
6
30
7
8
11
9
1290
320
126
1218
75
77
102
103
38
1297
0
1
1298
1299
29
3
5
6
30
7
8
11
9
1290
320
126
1218
75
77
102
103
35
1216
1300
0
1
1301
1302
29
3
5
6
30
7
8
11
9
1290
320
126
1218
75
77
102
103
38
0
1
1303
1304
29
3
5
6
30
7
8
11
9
1290
320
126
1218
75
77
102
103
109
0
1
1305
1306
29
3
5
6
30
7
8
11
9
1290
320
126
1218
75
77
102
103
1307
0
1
109
272
8
0
1
33
272
8
0
1
33
272
8
0
1
109
272
8
0
1
109
272
8
0
1
33
272
8
0
1
33
272
8
0
1
787
272
8
0
1
33
272
8
0
1
787
272
8
0
1
32
1308
31
8
0
1
32
1309
31
8
0
1
32
1310
31
8
0
1
32
1311
31
8
0
1
32
1312
31
8
0
1
32
1313
31
8
0
1
32
1314
31
8
0
1
32
1315
31
8
0
1
32
1316
31
8
0
1
32
787
31
8
0
1
32
1317
31
8
0
1
32
1318
31
8
0
1
32
1319
31
8
0
1
32
1320
31
8
0
1
32
1315
31
8
0
1
1321
5
6
126
271
28
0
1
1322
5
6
126
271
28
0
1
1323
5
6
126
271
28
0
1
1324
5
6
126
271
28
0
1
1325
5
6
126
271
28
0
1
1326
5
6
126
271
28
0
1
1327
5
6
126
271
28
0
1
1328
5
6
126
271
28
0
1
1329
5
6
126
271
28
0
1
1330
5
6
126
271
28
0
1
1331
5
6
126
271
28
0
1
1332
5
6
126
271
28
0
1
1333
5
6
126
271
28
0
1
1334
5
6
126
271
28
0
1
1335
5
6
126
271
28
0
1
1336
5
6
126
271
28
0
1
1337
5
6
126
271
28
0
1
1338
5
6
126
271
28
0
1
1339
5
6
126
271
28
0
1
1340
5
6
126
271
28
0
1
1341
5
6
126
271
28
0
1
1342
5
6
126
271
28
0
1
1343
5
6
126
271
28
0
1
1344
5
6
126
271
28
0
1
1345
5
6
126
271
28
0
1
1346
5
6
126
271
28
0
1
1347
5
6
126
271
28
0
1
1325
5
6
126
271
28
0
1
1348
5
6
126
271
28
0
1
1349
5
6
126
271
28
0
1
1350
5
6
126
271
28
0
1
1351
5
6
126
271
28
0
1
1352
5
6
126
271
28
0
1
1353
5
6
126
271
28
0
1
1354
5
6
126
271
28
0
1
1355
5
6
126
271
28
0
1
1356
5
6
126
271
28
0
1
1357
5
6
126
271
28
0
1
1358
5
6
126
271
28
0
1
1359
5
6
126
271
28
0
1
1360
5
6
126
271
28
0
1
1361
5
6
126
271
28
0
1
1362
5
6
126
271
28
0
1
1363
5
6
126
271
28
0
1
1364
5
6
126
271
28
0
1
1365
5
6
126
271
28
0
1
1366
5
6
126
271
28
0
1
1367
5
6
126
271
28
0
1
1368
5
6
126
271
28
0
1
1324
5
6
126
271
28
0
1
1369
5
6
126
271
28
0
1
1370
5
6
126
271
28
0
1
1371
5
6
126
271
28
0
1
1372
5
6
126
271
28
0
1
1373
5
6
126
271
28
0
1
1374
5
6
126
271
28
0
1
1375
5
6
126
271
28
0
1
1376
5
6
126
271
28
0
1
1377
5
6
126
271
28
0
1
1378
5
6
126
271
28
0
1
1379
5
6
126
271
28
0
1
1380
5
6
126
271
28
0
1
1381
5
6
126
271
28
0
1
1382
5
6
126
271
28
0
1
11
1383
5
6
126
271
28
0
1
1384
5
6
126
271
28
0
1
1385
5
6
126
271
28
0
1
27
1386
1387
424
1388
1389
4
431
394
0
1
27
1386
1387
424
1388
1389
4
431
394
1390
0
1
27
1386
1387
424
1388
1389
4
431
394
1390
0
1
27
1386
1387
424
1388
1389
4
431
394
1390
0
1
32
7
8
331
5
1391
0
1
32
7
8
331
5
1391
0
1
32
7
8
331
5
1391
0
1
1392
1393
32
4
7
8
0
1
514
1394
33
5
7
8
0
1
1392
1393
32
4
7
8
0
1
1392
1393
32
4
7
8
19
0
1
1392
1393
32
4
7
8
0
1
1392
1393
32
4
7
8
0
1
514
1394
33
5
7
8
0
1
38
56
57
321
94
34
33
338
320
4
350
1278
0
1
38
56
57
321
94
34
33
320
338
4
1278
350
0
1
38
56
57
321
94
34
33
4
338
1278
320
350
0
1
38
56
57
321
94
34
33
320
338
1278
4
350
0
1
109
11
38
9
18
272
8
5
103
7
35
39
40
4
42
17
41
43
32
44
85
0
1
109
38
11
9
18
272
8
5
103
7
35
39
40
4
42
17
41
43
32
44
85
0
1
11
38
9
18
272
8
5
103
7
35
39
40
4
42
17
41
43
32
44
85
0
1
11
38
9
18
272
8
5
103
7
35
39
40
4
42
17
41
43
32
44
85
0
1
11
18
34
38
9
272
8
5
103
7
35
39
40
4
42
17
41
43
1395
345
105
320
85
87
1396
44
1202
338
1397
340
2
0
1
11
18
34
38
9
272
8
5
103
7
35
39
40
4
42
17
41
43
1395
345
105
320
85
87
1396
44
1202
338
1397
340
2
0
1
11
109
38
9
18
272
8
5
103
7
35
39
40
4
42
17
41
43
32
44
85
0
1
38
11
9
18
272
8
5
103
7
35
39
40
4
42
17
41
43
32
44
85
0
1
19
18
5
7
8
345
331
369
42
3
847
4
41
16
0
1
19
18
5
7
8
345
331
369
42
3
847
4
41
16
11
283
75
0
1
19
18
5
7
8
345
331
369
42
3
847
4
41
16
11
283
75
0
1
19
18
5
7
8
345
331
369
42
3
847
4
41
16
283
75
2
0
1
19
18
5
7
8
345
331
369
42
3
847
4
41
16
283
75
906
0
1
19
18
5
7
8
345
331
369
42
3
847
4
41
16
27
0
1
19
18
5
7
8
345
331
369
42
3
847
4
41
16
283
75
0
1
19
18
5
7
8
345
331
369
42
3
847
4
41
16
283
75
0
1
19
18
5
7
8
345
331
369
42
3
847
4
41
16
11
283
75
0
1
19
18
5
7
8
345
331
369
42
3
847
4
41
16
283
75
0
1
4
432
1398
90
552
3
85
41
5
7
8
19
0
1
4
432
1398
90
552
3
85
41
5
7
8
2
0
1
4
432
1398
90
552
3
85
41
5
7
8
100
0
1
4
432
1398
90
552
3
85
41
5
7
8
22
0
1
4
432
1398
90
552
3
85
41
5
7
8
109
0
1
4
432
1398
90
552
3
85
41
5
7
8
11
0
1
4
432
1398
90
552
3
85
41
5
7
8
22
0
1
4
432
1398
90
552
3
85
41
5
7
8
19
0
1
4
432
1398
90
552
3
85
41
5
7
8
22
0
1
4
432
1398
90
552
3
85
41
5
7
8
109
0
1
4
432
1398
90
552
3
85
41
5
7
8
100
0
1
4
432
1398
90
552
3
85
41
5
7
8
11
0
1
4
432
1398
90
552
3
85
41
5
7
8
22
0
1
4
432
1398
90
552
3
85
41
5
7
8
16
0
1
4
432
1398
90
552
3
85
41
5
7
8
109
0
1
4
432
1398
90
552
3
85
41
5
7
8
19
0
1
4
432
1398
90
552
3
85
41
5
7
8
2
0
1
4
432
1398
90
552
3
85
41
5
7
8
100
0
1
4
432
1398
90
552
3
85
41
5
7
8
15
0
1
4
432
1398
90
552
3
85
41
5
7
8
12
0
1
4
432
1398
90
552
3
85
41
5
7
8
99
0
1
4
432
1398
90
552
3
85
41
5
7
8
18
0
1
4
432
1398
90
552
3
85
41
5
7
8
11
0
1
4
432
1398
90
552
3
85
41
5
7
8
1399
0
1
4
432
1398
90
552
3
85
41
5
7
8
99
0
1
4
432
1398
90
552
3
85
41
5
7
8
99
0
1
4
432
1398
90
552
3
85
41
5
7
8
16
0
1
4
432
1398
90
552
3
85
41
5
7
8
109
0
1
4
432
1398
90
552
3
85
41
5
7
8
2
0
1
4
432
1398
90
552
3
85
41
5
7
8
19
0
1
4
432
1398
90
552
3
85
41
5
7
8
18
0
1
4
432
1398
90
552
3
85
41
5
7
8
1399
0
1
4
432
1398
90
552
3
85
41
5
7
8
11
0
1
5
35
4
1213
1400
126
398
322
77
8
0
1
5
35
4
1213
1401
126
398
322
77
8
0
1
5
35
4
1213
1402
126
398
322
77
8
0
1
5
35
4
1213
1403
126
398
322
77
8
0
1
5
35
4
1213
1404
126
398
322
77
8
0
1
5
35
4
1213
1405
126
398
322
77
8
0
1
5
35
4
1213
1406
126
398
322
77
8
0
1
5
35
4
1213
1407
126
398
322
77
8
0
1
5
35
4
1213
1403
126
398
322
77
8
0
1
5
35
4
1213
1408
126
398
322
77
8
0
1
5
35
4
1213
1409
126
398
322
77
8
0
1
5
35
4
1213
1401
126
398
322
77
8
0
1
5
35
4
1213
1400
126
398
322
77
8
0
1
5
35
4
1213
1410
126
398
322
77
8
0
1
5
35
4
1213
1411
126
398
322
77
8
0
1
5
35
4
1213
1412
126
398
322
77
8
0
1
5
35
4
1213
1413
126
398
322
77
8
0
1
5
35
4
1213
1414
126
398
322
77
8
0
1
5
35
4
1213
1403
126
398
322
77
8
0
1
5
35
4
1213
1415
126
398
322
77
8
0
1
5
35
4
1213
1401
126
398
322
77
8
0
1
5
35
4
1213
1400
126
398
322
77
8
0
1
5
35
4
1213
1416
126
398
322
77
8
0
1
5
35
4
1213
1417
126
398
322
77
8
0
1
5
35
4
1213
1418
126
398
322
77
8
0
1
5
35
4
1213
1419
126
398
322
77
8
0
1
5
35
4
1213
1420
126
398
322
77
8
0
1
5
35
4
1213
1421
126
398
322
77
8
0
1
5
35
4
1213
1422
126
398
322
77
8
0
1
5
35
4
1213
1423
126
398
322
77
8
0
1
5
35
4
1213
1424
126
398
322
77
8
0
1
5
35
4
1213
1425
126
398
322
77
8
0
1
5
35
4
1213
1426
126
398
322
77
8
0
1
5
35
4
1213
1427
126
398
322
77
8
0
1
5
35
4
1213
1428
126
398
322
77
8
0
1
1429
32
77
8
96
0
1
273
32
77
8
96
0
1
1430
33
77
8
96
0
1
1431
33
77
8
96
0
1
1429
33
77
8
96
0
1
1429
32
77
8
96
0
1
273
32
77
8
96
0
1
1429
32
77
8
96
0
1
273
32
77
8
96
0
1
1432
33
77
8
96
0
1
1429
32
77
8
96
0
1
1431
33
77
8
96
0
1
273
32
77
8
96
0
1
273
32
77
8
96
0
1
1431
33
77
8
96
0
1
1429
32
77
8
96
0
1
1430
33
77
8
96
0
1
273
33
77
8
96
0
1
28
345
3
5
6
7
8
30
41
19
0
1
28
345
3
5
6
7
8
30
41
0
1
28
345
3
5
6
7
8
30
41
99
0
1
28
345
3
5
6
7
8
30
41
9
0
1
28
345
3
5
6
7
8
30
41
22
0
1
28
345
3
5
6
7
8
30
41
100
0
1
28
345
3
5
6
7
8
30
41
1433
0
1
28
345
3
5
6
7
8
30
41
0
1
28
345
3
5
6
7
8
30
41
19
0
1
28
345
3
5
6
7
8
30
41
9
0
1
28
345
3
5
6
7
8
30
41
0
1
28
345
3
5
6
7
8
30
41
19
0
1
28
345
3
5
6
7
8
30
41
22
0
1
28
345
3
5
6
7
8
30
41
9
0
1
28
345
3
5
6
7
8
30
41
100
0
1
28
345
3
5
6
7
8
30
41
99
0
1
28
345
3
5
6
7
8
30
41
1433
0
1
28
345
3
5
6
7
8
30
41
0
1
28
345
3
5
6
7
8
30
41
19
0
1
28
345
3
5
6
7
8
30
41
22
0
1
28
345
3
5
6
7
8
30
41
9
0
1
28
345
3
5
6
7
8
30
41
100
0
1
28
345
3
5
6
7
8
30
41
99
0
1
28
345
3
5
6
7
8
30
41
1433
0
1
28
345
3
5
6
7
8
30
41
0
1
28
345
3
5
6
7
8
30
41
19
0
1
28
345
3
5
6
7
8
30
41
22
0
1
28
345
3
5
6
7
8
30
41
9
0
1
28
345
3
5
6
7
8
30
41
100
0
1
28
345
3
5
6
7
8
30
41
99
0
1
28
345
3
5
6
7
8
30
41
1433
