0
1
2
3
4
5
6
7
8
9
10
11
12
13
14
15
16
17
18
19
20
21
22
0
1
2
3
4
5
6
7
8
9
10
11
13
14
15
16
17
18
19
20
21
22
0
1
2
3
4
5
6
7
8
9
10
11
12
13
14
15
16
17
18
19
20
21
22
0
1
2
3
4
5
6
7
8
9
10
11
12
13
14
15
16
17
18
19
20
21
22
0
1
2
3
4
5
6
7
8
9
10
11
13
14
15
16
17
18
19
20
21
22
0
1
2
3
4
6
7
8
9
10
11
13
14
15
16
17
18
19
20
23
24
25
26
0
1
2
3
4
5
6
7
8
9
10
11
12
13
14
15
16
17
18
19
20
21
22
0
1
2
3
4
5
6
7
8
9
10
11
13
14
15
16
17
18
19
20
21
22
0
1
2
3
4
5
6
7
8
9
10
11
13
14
15
16
17
18
19
20
22
0
1
2
3
4
6
7
8
9
10
11
13
14
15
16
17
18
19
20
23
24
25
26
0
1
2
3
4
5
6
7
8
9
10
11
12
13
14
15
16
17
18
19
20
21
22
0
1
2
3
4
5
6
7
8
9
10
11
13
14
15
16
17
18
19
20
22
0
1
27
28
29
2
0
1
27
28
30
2
0
1
27
28
29
2
0
1
27
28
30
2
0
1
27
28
29
2
0
1
27
28
30
2
0
1
27
28
29
2
0
1
27
28
29
2
0
1
5
31
8
32
7
0
1
5
31
8
32
7
0
1
5
31
8
32
7
0
1
29
31
8
32
7
0
1
29
31
8
32
7
0
1
29
31
8
32
7
0
1
29
31
8
32
7
0
1
29
31
8
32
7
0
1
28
31
8
32
7
0
1
28
31
8
33
7
0
1
28
31
8
32
7
0
1
34
9
35
36
37
2
0
1
34
9
35
36
37
2
0
1
34
9
35
36
37
2
0
1
34
9
35
36
37
2
0
1
34
9
35
36
37
2
0
1
34
9
35
36
37
2
0
1
34
9
35
36
37
2
0
1
38
9
11
34
39
40
41
42
43
35
3
0
1
9
11
34
44
39
40
45
42
43
38
35
3
0
1
9
11
34
44
39
40
45
42
43
38
35
3
0
1
38
9
11
34
39
40
41
42
43
35
3
0
1
9
11
34
44
39
40
45
42
43
38
35
3
0
1
9
11
34
44
39
40
45
42
43
38
35
3
0
1
38
9
11
34
39
40
41
42
43
35
3
0
1
38
9
11
34
39
40
41
42
43
35
3
0
1
9
11
34
44
39
40
45
42
43
38
35
3
0
1
11
46
9
47
48
4
18
17
35
49
50
51
32
38
52
3
53
54
55
56
57
58
59
60
61
62
63
64
65
66
67
68
69
70
71
72
73
74
75
76
77
78
0
1
11
46
9
35
47
48
4
50
17
18
49
51
32
38
52
3
53
54
55
56
57
58
59
60
67
68
61
63
64
65
66
79
69
70
71
72
73
74
75
76
77
78
0
1
11
46
9
47
48
4
18
17
35
49
50
51
32
38
52
3
53
54
55
56
57
58
59
60
61
62
63
64
65
66
67
68
69
70
71
72
73
74
75
76
77
78
0
1
11
46
9
35
47
48
4
50
17
18
49
51
32
38
52
3
53
54
55
56
57
58
59
60
67
68
61
63
64
65
66
79
69
70
71
72
73
74
75
76
77
78
0
1
11
46
9
47
48
4
18
17
35
49
50
51
32
38
52
3
53
54
55
56
57
58
59
60
61
62
63
64
65
66
67
68
69
70
71
72
73
74
75
76
77
78
0
1
11
46
9
47
48
4
18
17
35
49
50
51
32
38
52
3
53
54
55
56
57
58
59
60
61
62
63
64
65
66
67
68
69
70
71
72
73
74
75
76
77
78
0
1
11
46
9
35
47
48
4
50
17
18
49
51
32
38
52
3
53
54
55
56
57
58
59
60
67
68
61
63
64
65
66
79
69
70
71
72
73
74
75
76
77
78
0
1
11
46
9
35
47
48
4
50
17
18
49
51
32
38
52
3
53
54
55
56
57
58
59
60
67
68
61
63
64
65
66
79
69
70
71
72
73
74
75
76
77
78
0
1
11
46
9
35
47
48
4
50
17
18
49
51
32
38
52
3
53
54
55
56
57
58
59
60
67
68
61
63
64
65
66
79
69
70
71
72
73
74
75
76
77
78
0
1
11
46
9
18
35
47
48
4
50
17
49
51
32
38
52
3
53
54
55
56
57
58
59
60
67
68
61
63
64
65
66
79
70
71
73
74
75
69
76
77
72
78
0
1
11
46
9
35
47
48
4
50
17
18
49
51
32
38
52
3
53
54
55
56
57
58
59
60
67
68
61
63
64
65
66
79
69
70
71
72
73
74
75
76
77
78
0
1
11
46
9
35
47
48
4
50
17
18
49
51
32
38
52
3
53
54
55
56
57
58
59
60
67
68
61
63
64
65
66
79
69
70
71
72
73
74
75
76
77
78
0
1
11
46
9
47
48
4
18
17
35
49
50
51
32
38
52
3
53
54
55
56
57
58
59
60
61
62
63
64
65
66
67
68
69
70
71
72
73
74
75
76
77
78
0
1
18
11
46
9
47
48
4
17
35
49
50
51
32
38
52
3
53
54
55
56
57
58
59
60
61
62
63
64
65
69
67
68
72
70
73
74
77
75
76
71
78
0
1
11
46
9
47
48
4
18
17
35
49
50
51
32
38
52
3
53
54
55
56
57
58
59
60
61
62
63
64
65
66
67
69
70
71
68
72
73
75
74
76
77
78
0
1
80
81
32
29
82
83
84
8
0
1
85
86
32
87
29
82
83
84
8
0
1
88
89
32
29
82
83
84
8
0
1
80
81
32
29
82
83
84
8
0
1
80
81
32
29
82
83
84
8
0
1
88
89
32
29
82
83
84
8
0
1
85
86
32
87
29
82
83
84
8
0
1
80
81
32
29
82
83
84
8
0
1
85
86
32
87
29
82
83
84
8
0
1
80
81
32
29
82
83
84
8
0
1
88
89
32
29
82
83
84
8
0
1
90
91
32
29
82
83
84
8
0
1
85
86
32
87
29
82
83
84
8
0
1
35
92
93
94
46
34
44
18
52
95
96
24
0
1
35
92
93
94
46
34
44
18
52
95
96
24
0
1
35
92
93
94
46
34
44
18
52
95
96
24
0
1
35
92
93
94
46
34
44
18
52
95
96
24
0
1
35
92
93
94
46
34
38
44
18
52
95
96
24
0
1
35
92
93
94
46
34
44
18
52
95
96
24
0
1
32
5
7
8
0
1
32
5
7
8
0
1
35
5
7
8
0
1
32
5
7
8
0
1
35
5
7
8
0
1
32
5
7
8
0
1
35
5
7
8
0
1
32
5
7
8
0
1
32
5
7
8
0
1
32
5
7
8
0
1
35
5
7
8
0
1
35
5
7
8
0
1
35
5
7
8
0
1
28
5
7
8
0
1
28
5
7
8
0
1
28
5
7
8
0
1
28
5
7
8
0
1
28
5
7
8
0
1
18
84
8
97
98
83
5
7
11
46
9
35
47
48
4
50
17
49
51
32
38
52
3
53
54
55
56
57
58
59
60
67
68
61
63
64
65
66
79
69
70
71
72
73
74
75
77
76
78
0
1
18
84
8
97
98
83
5
7
11
46
9
35
47
48
4
50
17
49
51
32
38
52
3
53
54
55
56
57
58
59
60
67
68
61
63
64
65
79
66
69
71
70
72
73
74
75
76
77
78
0
1
18
84
8
97
98
83
5
7
11
46
9
35
47
48
4
50
17
49
51
32
38
52
3
53
54
55
56
57
58
59
60
67
68
61
63
64
65
66
79
69
70
71
72
73
74
75
76
77
78
0
1
18
84
8
97
98
83
5
7
11
46
9
35
47
48
4
50
17
49
51
32
38
52
3
53
54
55
56
57
58
59
60
67
68
61
63
64
65
79
66
69
71
70
72
73
74
75
76
77
78
0
1
18
84
8
97
98
83
5
7
11
46
9
35
47
48
4
50
17
49
51
32
38
52
3
53
54
55
56
57
58
59
60
67
68
61
63
64
65
66
79
69
70
71
72
73
74
75
77
76
78
0
1
18
84
8
97
98
83
5
7
11
46
9
35
47
48
4
50
17
49
51
32
38
52
3
53
54
55
56
57
58
59
60
67
68
61
63
64
65
79
66
69
71
70
72
73
74
75
76
77
78
0
1
18
84
8
97
98
83
5
7
11
46
9
35
47
48
4
50
17
49
51
32
38
52
3
53
54
55
56
57
58
59
60
67
68
61
63
64
65
66
79
69
70
71
72
73
74
75
76
77
78
0
1
18
84
8
97
98
83
5
7
11
46
9
35
47
48
4
50
17
49
51
32
38
52
3
53
54
55
56
57
58
59
60
67
68
61
63
64
65
66
79
69
70
71
72
73
74
75
77
76
78
0
1
18
84
8
97
98
83
5
7
11
46
9
35
47
48
4
50
17
49
51
32
38
52
3
53
54
55
56
57
58
59
60
67
68
61
63
64
65
79
66
69
71
70
72
73
74
75
76
77
78
0
1
18
84
8
97
98
83
5
7
11
46
9
35
47
48
4
50
17
49
51
32
38
52
3
53
54
55
56
57
58
59
60
67
68
61
63
64
65
69
70
71
79
72
73
74
75
76
77
78
0
1
18
84
8
97
98
83
5
7
11
46
9
35
47
48
4
50
17
49
51
32
38
52
3
53
54
55
56
57
58
59
60
67
68
61
63
64
65
66
79
69
70
71
72
73
74
75
77
76
78
0
1
34
11
52
78
99
4
16
100
65
79
62
101
67
102
72
103
0
1
34
11
52
78
99
4
16
100
65
79
62
101
102
67
72
103
0
1
34
11
52
78
99
4
16
100
65
79
62
102
72
103
101
67
0
1
34
11
52
78
99
4
16
100
65
79
62
101
67
102
72
103
0
1
34
11
52
78
99
4
16
100
65
79
62
101
67
102
72
103
0
1
34
11
52
78
99
4
16
100
65
62
79
101
67
72
103
102
0
1
34
11
52
78
99
4
16
100
65
79
62
101
67
102
72
103
0
1
34
11
52
78
99
4
16
100
65
79
62
101
67
102
72
103
0
1
34
11
52
78
99
4
16
100
65
79
62
101
67
102
72
103
0
1
34
11
52
78
99
4
16
100
65
62
79
101
67
72
103
102
0
1
34
11
52
78
99
4
16
100
65
79
62
101
67
102
72
103
0
1
34
11
52
78
99
4
16
100
65
79
62
102
72
103
101
67
0
1
34
11
52
78
99
4
16
100
65
79
62
101
67
102
72
103
0
1
34
11
52
78
99
4
16
100
65
79
62
101
67
102
72
103
0
1
34
11
52
78
99
4
16
100
65
79
62
101
67
102
72
103
0
1
34
11
52
78
99
4
16
100
65
79
62
101
67
102
72
103
0
1
34
11
52
78
99
4
16
100
65
79
62
101
67
102
72
103
0
1
34
11
52
78
99
4
16
100
65
79
62
101
67
102
72
103
0
1
34
11
52
78
99
4
16
100
65
79
62
101
67
102
72
103
0
1
104
34
11
52
99
4
16
78
100
65
79
62
101
67
102
72
103
0
1
34
11
52
78
99
4
16
100
65
62
79
101
67
72
103
102
0
1
34
11
52
78
99
4
16
100
65
79
62
101
67
102
72
103
0
1
34
11
52
78
99
4
16
100
65
79
62
101
67
102
72
103
0
1
34
11
52
78
99
4
16
100
65
79
62
101
67
102
72
103
0
1
34
11
52
78
99
4
16
100
65
79
62
101
67
102
72
103
0
1
34
11
52
78
99
4
16
100
65
79
62
102
72
103
101
67
0
1
34
11
52
78
99
4
16
100
65
79
62
101
102
67
72
103
0
1
34
11
52
78
99
4
16
100
65
79
62
101
67
102
72
103
0
1
34
11
52
78
99
4
16
100
65
79
62
101
67
102
72
103
0
1
34
11
52
78
99
4
16
100
65
79
62
101
67
102
72
103
0
1
34
11
52
78
99
4
16
100
65
79
62
101
67
102
72
103
0
1
104
34
11
52
99
4
16
78
100
65
79
62
101
67
102
72
103
0
1
5
7
8
11
105
35
106
24
0
1
5
7
8
11
105
35
106
24
0
1
5
7
8
11
105
35
106
24
0
1
5
7
8
11
105
35
106
24
18
107
0
1
5
7
8
11
105
35
106
24
0
1
5
7
8
11
105
35
106
24
18
107
0
1
5
7
8
11
105
35
106
24
0
1
5
7
8
11
105
35
106
24
0
1
5
7
8
11
105
35
106
24
0
1
5
7
8
11
105
35
106
24
23
38
0
1
5
7
8
11
105
35
106
24
9
108
0
1
34
109
35
5
110
111
0
1
34
109
35
5
110
111
0
1
34
109
35
5
110
111
0
1
34
109
112
5
110
111
0
1
34
109
35
5
110
111
0
1
34
109
35
5
110
111
0
1
11
34
9
5
84
8
113
6
7
114
35
18
52
115
92
32
116
0
1
11
34
9
5
84
8
113
6
7
114
35
18
52
115
92
32
116
0
1
11
34
9
117
84
8
113
5
118
7
114
35
18
52
115
92
32
116
0
1
11
34
9
5
84
8
113
118
7
114
35
18
52
115
92
32
116
0
1
119
11
34
9
84
8
113
5
118
7
114
35
18
52
115
92
32
116
0
1
5
11
34
9
84
8
113
118
7
114
35
18
52
115
92
32
116
120
0
1
11
34
9
5
84
8
113
118
7
114
35
18
52
115
92
32
116
0
1
11
34
9
117
84
8
113
5
118
7
114
35
18
52
115
92
32
116
0
1
11
34
9
5
84
8
113
118
7
114
35
18
52
115
92
32
116
0
1
11
34
9
5
84
8
113
6
7
114
35
18
52
115
92
32
116
0
1
11
34
9
117
84
8
113
5
118
7
114
35
18
52
115
92
32
116
0
1
11
34
9
5
84
8
113
118
7
114
35
18
52
115
92
32
116
0
1
11
34
9
5
84
8
113
6
7
114
35
18
52
115
92
32
116
0
1
9
11
34
84
8
113
5
118
7
114
35
18
52
115
92
32
116
120
0
1
119
11
34
9
84
8
113
5
118
7
114
35
18
52
115
92
32
116
0
1
11
34
9
117
84
8
113
5
118
7
114
35
18
52
115
92
32
116
0
1
11
34
9
5
84
8
113
118
7
114
35
18
52
115
92
32
116
0
1
11
34
9
5
84
8
113
6
7
114
35
18
52
115
92
32
116
0
1
119
11
34
9
84
8
113
5
118
7
114
35
18
52
115
92
32
116
0
1
11
34
9
5
84
8
113
118
7
114
35
18
52
115
92
32
116
0
1
11
34
9
117
84
8
113
5
118
7
114
35
18
52
115
92
32
116
0
1
11
34
9
5
84
8
113
6
7
114
35
18
52
115
92
32
116
0
1
5
11
34
9
84
8
113
118
7
114
35
18
52
115
92
32
116
120
0
1
119
11
34
9
84
8
113
5
118
7
114
35
18
52
115
92
32
116
