1, 2
1, 3
1, 4
1, 5
1, 4
1, 6
1, 7
1, 8
8, 9
8, 10
8, 11
8, 12
8, 13
8, 14
14, 15
15, 16
15, 17
8, 18
8, 19
8, 20
8, 19
8, 21
8, 22
8, 23
24, 25
24, 26
24, 27
24, 28
24, 27
24, 29
24, 30
24, 31
31, 32
31, 33
31, 34
31, 35
31, 36
36, 37
37, 38
37, 39
31, 40
31, 41
31, 42
31, 41
31, 43
31, 44
31, 45
46, 47
46, 48
46, 49
46, 50
46, 49
46, 51
46, 52
46, 53
53, 54
53, 55
53, 56
53, 57
53, 58
53, 59
59, 60
60, 61
60, 62
53, 63
53, 64
53, 65
53, 64
53, 66
53, 67
53, 68
69, 70
69, 71
69, 72
69, 73
69, 72
69, 74
69, 75
69, 76
76, 77
76, 78
76, 79
76, 80
76, 81
76, 82
82, 83
83, 84
83, 85
76, 86
76, 87
76, 88
76, 87
76, 89
76, 90
76, 91
92, 93
92, 94
92, 95
92, 96
92, 95
92, 97
92, 98
92, 99
99, 100
99, 101
99, 102
99, 103
99, 104
104, 105
105, 106
105, 107
99, 108
99, 109
99, 110
99, 109
99, 111
99, 112
99, 113
114, 115
114, 116
114, 117
114, 118
114, 117
114, 119
114, 120
120, 121
120, 122
120, 123
120, 124
120, 125
125, 126
126, 127
126, 128
120, 129
120, 130
120, 131
120, 130
120, 132
120, 133
120, 134
120, 133
120, 135
120, 136
137, 138
137, 139
137, 140
137, 141
137, 140
137, 142
137, 143
137, 144
144, 145
144, 146
144, 147
144, 148
144, 149
144, 150
150, 151
151, 152
151, 153
144, 154
144, 155
144, 156
144, 155
144, 157
144, 158
144, 159
160, 161
160, 162
160, 163
160, 164
160, 163
160, 165
160, 166
160, 167
167, 168
167, 169
167, 170
167, 171
167, 172
172, 173
173, 174
173, 175
167, 176
167, 177
167, 178
167, 177
167, 179
167, 180
167, 181
182, 183
182, 184
182, 185
182, 186
182, 185
182, 187
182, 188
182, 189
189, 190
189, 191
189, 192
189, 193
189, 194
194, 195
195, 196
195, 197
189, 198
189, 199
189, 200
189, 199
189, 201
189, 202
203, 204
203, 205
203, 206
203, 207
203, 206
203, 208
203, 209
209, 210
209, 211
209, 212
209, 213
209, 214
214, 215
215, 216
215, 217
209, 218
209, 219
209, 220
209, 219
209, 221
209, 222
209, 223
209, 222
209, 224
209, 225
226, 227
226, 228
226, 229
226, 230
226, 229
226, 231
226, 232
226, 233
233, 234
233, 235
233, 236
233, 237
233, 238
233, 239
239, 240
240, 241
240, 242
233, 243
233, 244
233, 245
233, 244
233, 246
233, 247
233, 248
249, 250
249, 251
249, 252
249, 253
249, 252
249, 254
249, 255
249, 256
256, 257
256, 258
256, 259
256, 260
256, 261
261, 262
262, 263
262, 264
256, 265
256, 266
256, 267
256, 266
256, 268
256, 269
270, 271
270, 272
270, 273
270, 274
270, 273
270, 275
276, 277
276, 278
276, 279
276, 280
276, 279
276, 281
282, 283
282, 284
282, 285
282, 286
282, 285
282, 287
288, 289
288, 290
288, 291
288, 292
288, 291
288, 293
294, 295
294, 296
294, 297
294, 298
294, 297
294, 299
300, 301
300, 302
300, 303
300, 304
300, 303
300, 305
306, 307
306, 308
306, 309
306, 310
306, 309
306, 311
312, 313
312, 314
312, 315
312, 316
312, 315
312, 317
318, 319
318, 320
318, 321
321, 322
321, 323
321, 324
324, 322
325, 326
325, 327
325, 328
328, 329
328, 330
328, 331
331, 329
332, 333
332, 334
332, 335
335, 336
335, 337
335, 338
338, 336
339, 340
339, 341
339, 342
342, 343
342, 344
342, 345
345, 343
346, 347
346, 348
346, 349
349, 350
349, 351
349, 352
352, 350
353, 354
353, 355
353, 356
356, 357
356, 358
356, 359
359, 357
360, 361
360, 362
360, 363
363, 364
363, 365
363, 366
366, 364
367, 368
367, 369
367, 370
370, 371
370, 372
370, 373
373, 371
374, 375
374, 376
374, 377
377, 378
377, 379
377, 380
380, 378
381, 382
381, 383
381, 384
384, 385
384, 386
384, 387
387, 385
388, 389
388, 390
388, 391
391, 392
391, 393
391, 394
394, 392
395, 396
395, 397
395, 398
395, 399
395, 400
400, 401
400, 402
403, 404
403, 405
403, 406
403, 407
403, 408
408, 409
408, 410
411, 412
411, 413
411, 414
411, 415
411, 416
416, 417
416, 418
419, 420
419, 421
419, 422
419, 423
419, 424
424, 425
424, 426
427, 428
427, 429
427, 430
427, 431
427, 432
432, 433
432, 434
435, 436
435, 437
435, 438
435, 439
435, 440
440, 441
440, 442
443, 444
443, 445
443, 446
443, 447
443, 448
448, 449
448, 450
451, 452
451, 453
451, 454
451, 455
451, 456
451, 457
457, 458
457, 459
451, 454
451, 460
460, 457
457, 458
457, 459
460, 461
460, 453
460, 461
460, 457
457, 458
457, 459
460, 462
460, 463
464, 465
464, 466
464, 467
464, 468
464, 469
464, 470
470, 471
470, 472
464, 466
464, 473
473, 470
470, 471
470, 472
473, 474
473, 475
473, 474
473, 470
470, 471
470, 472
473, 476
473, 477
478, 479
478, 480
478, 481
478, 482
478, 483
478, 484
484, 485
484, 486
478, 480
478, 487
487, 484
484, 485
484, 486
487, 488
487, 489
487, 488
487, 484
484, 485
484, 486
487, 490
487, 491
492, 493
492, 494
492, 495
492, 496
492, 497
492, 498
498, 499
498, 500
492, 495
492, 501
501, 498
498, 499
498, 500
501, 502
501, 494
501, 502
501, 498
498, 499
498, 500
501, 503
501, 504
505, 506
505, 507
505, 508
505, 509
505, 510
505, 511
511, 512
511, 513
505, 507
505, 514
514, 511
511, 512
511, 513
514, 515
514, 516
514, 515
514, 511
511, 512
511, 513
514, 517
514, 518
519, 520
519, 521
519, 522
519, 523
519, 524
519, 525
525, 526
525, 527
519, 521
519, 528
528, 525
525, 526
525, 527
528, 529
528, 530
528, 529
528, 525
525, 526
525, 527
528, 531
528, 532
533, 534
533, 535
533, 536
533, 537
533, 538
533, 539
539, 540
539, 541
533, 536
533, 542
542, 539
539, 540
539, 541
542, 543
542, 535
542, 543
542, 539
539, 540
539, 541
542, 544
542, 545
546, 547
546, 548
546, 549
546, 550
546, 551
546, 552
552, 553
552, 554
546, 549
546, 555
555, 552
552, 553
552, 554
555, 556
555, 548
555, 556
555, 552
552, 553
552, 554
555, 557
555, 558
559, 560
559, 561
559, 562
559, 563
559, 564
559, 565
565, 566
565, 567
559, 561
559, 568
568, 565
565, 566
565, 567
568, 569
568, 570
568, 569
568, 565
565, 566
565, 567
568, 571
568, 572
573, 574
573, 575
573, 576
573, 577
573, 578
578, 579
578, 580
573, 581
573, 582
573, 583
573, 578
578, 579
578, 580
573, 584
573, 585
573, 578
578, 579
578, 580
573, 581
573, 586
586, 587
586, 588
586, 583
573, 581
573, 589
573, 588
573, 590
573, 591
573, 592
573, 583
573, 593
573, 594
573, 595
573, 587
573, 596
573, 597
573, 598
573, 587
573, 599
599, 578
578, 579
578, 580
599, 600
599, 601
599, 602
599, 584
599, 603
599, 602
599, 604
573, 584
573, 578
578, 579
578, 580
573, 605
573, 606
573, 590
573, 584
573, 598
573, 578
578, 579
578, 580
573, 598
573, 582
573, 607
573, 605
573, 606
573, 590
573, 608
573, 592
573, 609
573, 592
573, 584
573, 605
573, 606
573, 590
573, 608
573, 592
573, 609
573, 592
573, 610
573, 611
611, 612
611, 613
611, 614
611, 615
573, 584
573, 605
573, 606
573, 590
573, 608
573, 592
573, 609
573, 592
573, 610
573, 611
573, 584
573, 616
573, 583
617, 618
617, 619
617, 620
617, 621
617, 622
617, 623
623, 624
623, 625
617, 626
617, 627
617, 623
623, 624
623, 625
617, 628
617, 622
617, 623
623, 624
623, 625
617, 629
617, 628
617, 630
630, 631
630, 632
630, 622
617, 628
617, 633
617, 632
617, 634
617, 635
617, 636
617, 622
617, 637
617, 638
617, 639
617, 631
617, 640
617, 641
617, 642
617, 631
617, 643
617, 644
617, 634
617, 645
645, 623
623, 624
623, 625
645, 646
645, 647
645, 629
645, 648
645, 647
645, 649
617, 629
617, 623
623, 624
623, 625
617, 629
617, 642
617, 650
617, 623
623, 624
623, 625
617, 642
617, 627
617, 651
617, 643
617, 644
617, 634
617, 652
617, 636
617, 653
617, 636
617, 629
617, 643
617, 644
617, 634
617, 652
617, 636
617, 653
617, 636
617, 654
617, 655
655, 656
655, 657
655, 658
655, 659
617, 629
617, 643
617, 644
617, 634
617, 652
617, 636
617, 653
617, 636
617, 654
617, 655
655, 656
655, 657
655, 658
655, 659
617, 629
617, 643
617, 644
617, 634
617, 652
617, 636
617, 653
617, 636
617, 654
617, 655
617, 629
617, 660
617, 622
661, 662
661, 663
661, 664
661, 665
661, 666
666, 667
666, 668
661, 669
661, 670
661, 671
661, 666
666, 667
666, 668
661, 672
661, 673
661, 666
666, 667
666, 668
661, 669
661, 674
674, 675
674, 676
674, 671
661, 669
661, 677
661, 676
661, 678
661, 679
661, 680
661, 671
661, 681
661, 682
661, 683
661, 675
661, 684
661, 685
661, 686
661, 675
661, 687
687, 666
666, 667
666, 668
687, 688
687, 689
687, 690
687, 672
687, 691
687, 690
687, 692
661, 672
661, 666
666, 667
666, 668
661, 693
661, 694
661, 678
661, 672
661, 686
661, 666
666, 667
666, 668
661, 686
661, 670
661, 695
661, 693
661, 694
661, 678
661, 696
661, 680
661, 697
661, 680
661, 672
661, 693
661, 694
661, 678
661, 696
661, 680
661, 697
661, 680
661, 698
661, 699
699, 700
699, 701
699, 702
699, 703
661, 672
661, 693
661, 694
661, 678
661, 696
661, 680
661, 697
661, 680
661, 698
661, 699
661, 672
661, 704
661, 671
705, 706
705, 707
705, 708
705, 709
705, 710
705, 711
711, 712
711, 713
705, 714
705, 715
705, 711
711, 712
711, 713
705, 716
705, 710
705, 711
711, 712
711, 713
705, 717
705, 716
705, 718
718, 719
718, 720
718, 710
705, 716
705, 721
705, 720
705, 722
705, 723
705, 724
705, 710
705, 725
705, 726
705, 727
705, 719
705, 728
705, 729
705, 730
705, 719
705, 731
705, 732
705, 722
705, 733
733, 711
711, 712
711, 713
733, 734
733, 735
733, 717
733, 736
733, 735
733, 737
705, 717
705, 711
711, 712
711, 713
705, 717
705, 730
705, 738
705, 711
711, 712
711, 713
705, 730
705, 715
705, 739
705, 731
705, 732
705, 722
705, 740
705, 724
705, 741
705, 724
705, 717
705, 731
705, 732
705, 722
705, 740
705, 724
705, 741
705, 724
705, 742
705, 743
743, 744
743, 745
743, 746
743, 747
705, 717
705, 731
705, 732
705, 722
705, 740
705, 724
705, 741
705, 724
705, 742
705, 743
743, 744
743, 745
743, 746
743, 747
705, 717
705, 731
705, 732
705, 722
705, 740
705, 724
705, 741
705, 724
705, 742
705, 743
705, 717
705, 731
705, 732
705, 722
705, 740
705, 724
705, 741
705, 724
705, 742
705, 743
743, 744
743, 745
743, 746
743, 747
705, 717
705, 731
705, 732
705, 722
705, 740
705, 724
705, 741
705, 724
705, 742
705, 743
705, 717
705, 731
705, 732
705, 722
705, 740
705, 724
705, 741
705, 724
705, 742
705, 743
743, 744
743, 745
743, 746
743, 747
705, 717
705, 731
705, 732
705, 722
705, 740
705, 724
705, 741
705, 724
705, 742
705, 743
705, 717
705, 748
705, 710
749, 750
749, 751
749, 752
749, 753
749, 754
754, 755
754, 756
749, 757
749, 758
749, 759
749, 754
754, 755
754, 756
749, 760
749, 761
749, 754
754, 755
754, 756
749, 757
749, 762
762, 763
762, 764
762, 759
749, 757
749, 765
749, 764
749, 766
749, 767
749, 768
749, 759
749, 769
749, 770
749, 771
749, 763
749, 772
749, 773
749, 774
749, 763
749, 775
775, 754
754, 755
754, 756
775, 776
775, 777
775, 778
775, 760
775, 779
775, 778
775, 780
749, 760
749, 754
754, 755
754, 756
749, 781
749, 782
749, 766
749, 760
749, 774
749, 754
754, 755
754, 756
749, 774
749, 758
749, 783
749, 781
749, 782
749, 766
749, 784
749, 768
749, 785
749, 768
749, 760
749, 781
749, 782
749, 766
749, 784
749, 768
749, 785
749, 768
749, 786
749, 787
787, 788
787, 789
787, 790
787, 791
749, 760
749, 781
749, 782
749, 766
749, 784
749, 768
749, 785
749, 768
749, 786
749, 787
749, 760
749, 792
749, 759
793, 794
793, 795
793, 796
793, 797
793, 798
798, 799
798, 800
793, 801
793, 802
793, 803
793, 798
798, 799
798, 800
793, 804
793, 805
793, 798
798, 799
798, 800
793, 801
793, 806
806, 807
806, 808
806, 803
793, 801
793, 809
793, 808
793, 810
793, 811
793, 812
793, 803
793, 813
793, 814
793, 815
793, 807
793, 816
793, 817
793, 818
793, 807
793, 819
819, 798
798, 799
798, 800
819, 820
819, 821
819, 822
819, 804
819, 823
819, 822
819, 824
793, 804
793, 798
798, 799
798, 800
793, 825
793, 826
793, 810
793, 804
793, 818
793, 798
798, 799
798, 800
793, 818
793, 802
793, 827
793, 825
793, 826
793, 810
793, 828
793, 812
793, 829
793, 812
793, 804
793, 825
793, 826
793, 810
793, 828
793, 812
793, 829
793, 812
793, 830
793, 831
831, 832
831, 833
831, 834
831, 835
793, 804
793, 825
793, 826
793, 810
793, 828
793, 812
793, 829
793, 812
793, 830
793, 831
831, 832
831, 833
793, 828
793, 812
793, 829
793, 825
793, 830
793, 831
831, 832
831, 833
793, 830
793, 831
793, 804
831, 832
831, 833
793, 810
831, 834
793, 812
793, 804
793, 825
793, 826
793, 810
793, 828
793, 812
793, 829
831, 833
831, 834
793, 831
793, 804
793, 825
831, 833
793, 828
793, 812
793, 804
793, 812
793, 826
793, 831
793, 828
793, 812
793, 829
793, 812
793, 830
793, 812
793, 829
793, 812
793, 826
793, 831
793, 804
793, 812
793, 829
793, 812
793, 828
793, 831
793, 804
793, 812
793, 830
793, 831
793, 828
793, 825
793, 829
793, 810
793, 830
793, 831
793, 804
793, 812
793, 826
793, 810
793, 828
793, 812
793, 829
793, 812
793, 828
793, 831
793, 804
793, 830
793, 812
793, 829
793, 812
793, 830
793, 831
793, 804
793, 836
793, 803
837, 838
837, 839
837, 840
837, 841
837, 842
837, 843
843, 844
843, 845
837, 846
837, 847
837, 843
843, 844
843, 845
837, 848
837, 842
837, 843
843, 844
843, 845
837, 849
837, 848
837, 850
850, 851
850, 852
850, 842
837, 848
837, 853
837, 852
837, 854
837, 855
837, 856
837, 842
837, 857
837, 858
837, 859
837, 851
837, 860
837, 861
837, 862
837, 851
837, 863
837, 864
837, 854
837, 865
865, 843
843, 844
843, 845
865, 866
865, 867
865, 849
865, 868
865, 867
865, 869
837, 849
837, 843
843, 844
843, 845
837, 849
837, 862
837, 870
837, 843
843, 844
843, 845
837, 862
837, 847
837, 871
837, 863
837, 864
837, 854
837, 872
837, 856
837, 873
837, 856
837, 849
837, 863
837, 864
837, 854
837, 872
837, 856
837, 873
837, 856
837, 874
837, 875
875, 876
875, 877
875, 878
875, 879
837, 849
837, 863
837, 864
837, 854
837, 872
837, 856
837, 873
837, 856
837, 874
837, 875
875, 876
875, 877
875, 878
875, 879
837, 849
837, 863
837, 864
837, 854
837, 872
837, 856
837, 873
837, 856
837, 874
837, 875
837, 849
837, 863
837, 864
837, 854
837, 872
837, 856
837, 873
837, 856
837, 874
837, 875
875, 876
875, 877
875, 878
875, 879
837, 849
837, 863
837, 864
837, 854
837, 872
837, 856
837, 873
837, 856
837, 874
837, 875
837, 849
837, 863
837, 864
837, 854
837, 872
837, 856
837, 873
837, 856
837, 874
837, 875
875, 876
875, 877
875, 878
875, 879
837, 849
837, 863
837, 864
837, 854
837, 872
837, 856
837, 873
837, 856
837, 874
837, 875
837, 849
837, 880
837, 842
881, 882
881, 883
881, 884
881, 885
881, 886
881, 887
887, 888
887, 889
881, 890
881, 891
881, 887
887, 888
887, 889
881, 892
881, 886
881, 887
887, 888
887, 889
881, 893
881, 892
881, 894
894, 895
894, 896
894, 886
881, 892
881, 897
881, 896
881, 898
881, 899
881, 900
881, 886
881, 901
881, 902
881, 903
881, 895
881, 904
881, 905
881, 906
881, 895
881, 907
881, 908
881, 898
881, 909
909, 887
887, 888
887, 889
909, 910
909, 911
909, 893
909, 912
909, 911
909, 913
881, 893
881, 887
887, 888
887, 889
881, 893
881, 906
881, 914
881, 887
887, 888
887, 889
881, 906
881, 891
881, 915
881, 907
881, 908
881, 898
881, 916
881, 900
881, 917
881, 900
881, 893
881, 907
881, 908
881, 898
881, 916
881, 900
881, 917
881, 900
881, 918
881, 919
919, 920
919, 921
919, 922
919, 923
881, 893
881, 907
881, 908
881, 898
881, 916
881, 900
881, 917
881, 900
881, 918
881, 919
881, 893
881, 907
881, 908
881, 898
881, 916
881, 900
881, 917
881, 900
881, 918
881, 919
881, 893
881, 924
881, 886
925, 926
925, 927
925, 928
925, 929
925, 930
925, 931
931, 932
931, 933
925, 934
925, 935
925, 931
931, 932
931, 933
925, 936
925, 930
925, 931
931, 932
931, 933
925, 937
925, 936
925, 938
938, 939
938, 940
938, 930
925, 936
925, 941
925, 940
925, 942
925, 943
925, 944
925, 930
925, 945
925, 946
925, 947
925, 939
925, 948
925, 949
925, 950
925, 939
925, 951
925, 952
925, 942
925, 953
953, 931
931, 932
931, 933
953, 954
953, 955
953, 937
953, 956
953, 955
953, 957
925, 937
925, 931
931, 932
931, 933
925, 937
925, 950
925, 958
925, 931
931, 932
931, 933
925, 950
925, 935
925, 959
925, 951
925, 952
925, 942
925, 960
925, 944
925, 961
925, 944
925, 937
925, 951
925, 952
925, 942
925, 960
925, 944
925, 961
925, 944
925, 962
925, 963
963, 964
963, 965
963, 966
963, 967
925, 937
925, 951
925, 952
925, 942
925, 960
925, 944
925, 961
925, 944
925, 962
925, 963
963, 964
963, 965
963, 966
963, 967
925, 937
925, 951
925, 952
925, 942
925, 960
925, 944
925, 961
925, 944
925, 962
925, 963
925, 937
925, 951
925, 952
925, 942
925, 960
925, 944
925, 961
925, 944
925, 962
925, 963
963, 964
963, 965
963, 966
963, 967
925, 937
925, 951
925, 952
925, 942
925, 960
925, 944
925, 961
925, 944
925, 962
925, 963
925, 937
925, 951
925, 952
925, 942
925, 960
925, 944
925, 961
925, 944
925, 962
925, 963
963, 964
963, 965
963, 966
963, 967
925, 937
925, 951
925, 952
925, 942
925, 960
925, 944
925, 961
925, 944
925, 962
925, 963
925, 937
925, 968
925, 930
969, 970
969, 971
969, 972
969, 973
969, 974
969, 975
969, 976
976, 977
976, 978
969, 979
969, 980
969, 976
976, 977
976, 978
969, 974
969, 975
969, 976
976, 977
976, 978
969, 981
969, 974
969, 982
982, 983
982, 984
969, 974
969, 985
969, 984
969, 986
969, 987
969, 988
969, 975
969, 989
969, 990
969, 991
969, 983
969, 992
969, 993
969, 994
994, 983
969, 983
969, 995
969, 996
969, 986
969, 997
997, 976
976, 977
976, 978
997, 998
997, 999
997, 981
997, 1000
997, 999
997, 1001
969, 981
997, 999
997, 981
997, 1000
969, 981
969, 1002
969, 976
997, 1000
976, 978
969, 994
994, 983
969, 994
997, 981
969, 980
997, 999
997, 981
997, 1000
997, 999
969, 986
969, 1003
969, 988
969, 1004
969, 988
969, 981
969, 994
969, 996
969, 986
969, 1003
976, 977
969, 1004
969, 988
994, 983
969, 994
994, 983
1005, 1006
1005, 1007
969, 1008
1005, 1009
1005, 1010
969, 981
969, 1003
969, 996
969, 1004
969, 988
969, 995
969, 996
969, 1011
969, 1003
1005, 1006
969, 988
969, 1011
969, 1005
1005, 1006
969, 995
969, 996
1005, 1009
1005, 1010
969, 981
969, 995
969, 996
969, 986
969, 1005
1005, 1006
969, 1004
969, 988
1005, 1007
1005, 1009
1005, 1006
1005, 1007
969, 996
1005, 1009
969, 1003
969, 981
969, 1004
969, 996
969, 986
969, 1003
969, 988
1005, 1006
969, 988
969, 1011
969, 1005
1005, 1010
969, 981
1005, 1007
1005, 1009
1005, 1010
969, 981
969, 1004
969, 996
969, 1011
969, 1003
969, 988
1005, 1006
969, 988
969, 1011
969, 1005
1005, 1010
1005, 1006
969, 995
1005, 1007
969, 986
1005, 1010
969, 981
969, 995
969, 996
969, 1011
969, 1003
969, 981
969, 995
969, 988
969, 1011
969, 1005
969, 988
1005, 1006
1005, 1007
1005, 1009
1005, 1010
969, 981
969, 996
969, 986
969, 1003
969, 1004
969, 988
969, 1011
969, 1005
969, 995
969, 996
969, 986
1005, 1007
969, 988
1005, 1010
969, 988
969, 1011
969, 996
969, 986
969, 995
969, 988
969, 986
969, 1003
969, 1011
969, 1005
969, 988
969, 995
969, 996
969, 986
969, 1003
969, 975
969, 1004
969, 988
969, 1011
969, 1005
1005, 1006
1005, 1007
1005, 1009
1005, 1010
969, 981
969, 995
969, 996
969, 986
969, 1003
969, 988
969, 1004
969, 988
969, 1011
969, 1005
969, 981
969, 995
969, 996
969, 986
969, 1003
969, 988
969, 1004
969, 988
969, 1011
969, 1005
1005, 1006
1005, 1007
1005, 1009
1005, 1010
969, 981
969, 995
969, 996
969, 986
969, 1003
969, 988
969, 1004
969, 988
969, 1011
969, 1005
969, 981
969, 1012
969, 975
1013, 1014
1013, 1015
1013, 1016
1013, 1017
1013, 1018
1013, 1019
1019, 1020
1019, 1021
1013, 1022
1013, 1023
1013, 1019
1019, 1020
1019, 1021
1013, 1024
1013, 1018
1013, 1019
1019, 1020
1019, 1021
1013, 1025
1013, 1024
1013, 1026
1026, 1027
1026, 1028
1026, 1018
1013, 1024
1013, 1029
1013, 1028
1013, 1030
1013, 1031
1013, 1032
1013, 1018
1013, 1033
1013, 1034
1013, 1035
1013, 1027
1013, 1036
1013, 1037
1013, 1038
1013, 1027
1013, 1039
1013, 1040
1013, 1030
1013, 1041
1041, 1019
1019, 1020
1019, 1021
1041, 1042
1041, 1043
1041, 1025
1041, 1044
1041, 1043
1041, 1045
1013, 1025
1013, 1019
1019, 1020
1019, 1021
1013, 1025
1013, 1038
1013, 1046
1013, 1019
1019, 1020
1019, 1021
1013, 1038
1013, 1023
1013, 1047
1013, 1039
1013, 1040
1013, 1030
1013, 1048
1013, 1032
1013, 1049
1013, 1032
1013, 1025
1013, 1039
1013, 1040
1013, 1030
1013, 1048
1013, 1032
1013, 1049
1013, 1032
1013, 1050
1013, 1051
1051, 1052
1051, 1053
1051, 1054
1051, 1055
1013, 1025
1013, 1039
1013, 1040
1013, 1030
1013, 1048
1013, 1032
1013, 1049
1013, 1032
1013, 1050
1013, 1051
1013, 1025
1013, 1056
1013, 1018
1057, 1058
1057, 1059
1057, 1060
1057, 1061
1057, 1062
1057, 1063
1063, 1064
1063, 1065
1057, 1066
1057, 1067
1057, 1063
1063, 1064
1063, 1065
1057, 1068
1057, 1062
1057, 1063
1063, 1064
1063, 1065
1057, 1069
1057, 1068
1057, 1070
1070, 1071
1070, 1072
1070, 1062
1057, 1068
1057, 1073
1057, 1072
1057, 1074
1057, 1075
1057, 1076
1057, 1062
1057, 1077
1057, 1078
1057, 1079
1057, 1071
1057, 1080
1057, 1081
1057, 1082
1057, 1071
1057, 1083
1057, 1084
1057, 1074
1057, 1085
1085, 1063
1063, 1064
1063, 1065
1085, 1086
1085, 1087
1085, 1069
1085, 1088
1085, 1087
1085, 1089
1057, 1069
1057, 1063
1063, 1064
1063, 1065
1057, 1069
1057, 1082
1057, 1090
1057, 1063
1063, 1064
1063, 1065
1057, 1082
1057, 1067
1057, 1091
1057, 1083
1057, 1084
1057, 1074
1057, 1092
1057, 1076
1057, 1093
1057, 1076
1057, 1069
1057, 1083
1057, 1084
1057, 1074
1057, 1092
1057, 1076
1057, 1093
1057, 1076
1057, 1094
1057, 1095
1095, 1096
1095, 1097
1095, 1098
1095, 1099
1057, 1069
1057, 1083
1057, 1084
1057, 1074
1057, 1092
1057, 1076
1057, 1093
1057, 1076
1057, 1094
1057, 1095
1095, 1096
1095, 1097
1095, 1098
1095, 1099
1057, 1069
1057, 1083
1057, 1084
1057, 1074
1057, 1092
1057, 1076
1057, 1093
1057, 1076
1057, 1094
1057, 1095
1057, 1069
1057, 1100
1057, 1062
1101, 1102
1101, 1103
1101, 1104
1101, 1105
1101, 1106
1106, 1107
1106, 1108
1101, 1109
1101, 1110
1101, 1111
1101, 1106
1106, 1107
1106, 1108
1101, 1112
1101, 1113
1101, 1106
1106, 1107
1106, 1108
1101, 1109
1101, 1114
1114, 1115
1114, 1116
1114, 1111
1101, 1109
1101, 1117
1101, 1116
1101, 1118
1101, 1119
1101, 1120
1101, 1111
1101, 1121
1101, 1122
1101, 1123
1101, 1115
1101, 1124
1101, 1125
1101, 1126
1101, 1115
1101, 1127
1127, 1106
1106, 1107
1106, 1108
1127, 1128
1127, 1129
1127, 1130
1127, 1112
1127, 1131
1127, 1130
1127, 1132
1101, 1112
1101, 1106
1106, 1107
1106, 1108
1101, 1133
1101, 1134
1101, 1118
1101, 1112
1101, 1126
1101, 1106
1106, 1107
1106, 1108
1101, 1126
1101, 1110
1101, 1135
1101, 1133
1101, 1134
1101, 1118
1101, 1136
1101, 1120
1101, 1137
1101, 1120
1101, 1112
1101, 1133
1101, 1134
1101, 1118
1101, 1136
1101, 1120
1101, 1137
1101, 1120
1101, 1138
1101, 1139
1139, 1140
1139, 1141
1139, 1142
1139, 1143
1101, 1112
1101, 1133
1101, 1134
1101, 1118
1101, 1136
1101, 1120
1101, 1137
1101, 1120
1101, 1138
1101, 1139
1101, 1112
1101, 1144
1101, 1111
1145, 1146
1145, 1147
1145, 1148
1145, 1149
1145, 1150
1145, 1151
1151, 1152
1151, 1153
1145, 1147
1145, 1154
1145, 1151
1151, 1152
1151, 1153
1145, 1147
1145, 1155
1145, 1151
1151, 1152
1151, 1153
1145, 1156
1145, 1157
1145, 1151
1151, 1152
1151, 1153
1145, 1147
1145, 1158
1158, 1159
1158, 1160
1158, 1155
1145, 1147
1145, 1161
1145, 1160
1145, 1162
1145, 1163
1145, 1164
1145, 1155
1145, 1165
1145, 1166
1145, 1167
1145, 1159
1145, 1168
1145, 1169
1145, 1170
1145, 1159
1145, 1171
1171, 1151
1151, 1152
1151, 1153
1171, 1172
1171, 1173
1171, 1174
1171, 1156
1171, 1175
1171, 1174
1171, 1156
1145, 1156
1171, 1174
1151, 1152
1171, 1175
1145, 1151
1151, 1152
1151, 1153
1145, 1156
1145, 1170
1145, 1162
1145, 1156
1145, 1154
1145, 1151
1145, 1176
1145, 1177
1145, 1178
1145, 1170
1145, 1162
1145, 1164
1145, 1162
1145, 1178
1145, 1164
1145, 1177
1145, 1164
1145, 1156
1145, 1164
1145, 1179
1145, 1162
1145, 1180
1145, 1164
1145, 1181
1181, 1182
1181, 1183
1181, 1182
1145, 1177
1181, 1183
1181, 1184
1145, 1177
1145, 1178
1145, 1156
1145, 1177
1145, 1164
1145, 1181
1145, 1180
1145, 1179
1145, 1181
1145, 1164
1181, 1182
1181, 1184
1181, 1185
1145, 1178
1181, 1184
1145, 1177
1145, 1178
1145, 1186
1145, 1164
1145, 1181
1181, 1182
1145, 1186
1181, 1182
1181, 1185
1181, 1183
1181, 1184
1145, 1156
1181, 1185
1145, 1178
1145, 1156
1145, 1164
1145, 1179
1145, 1186
1145, 1180
1145, 1164
1145, 1178
1145, 1162
1145, 1180
1145, 1181
1181, 1184
1181, 1185
1181, 1184
1145, 1156
1181, 1183
1145, 1162
1145, 1177
1145, 1178
1145, 1186
1145, 1164
1145, 1186
1145, 1181
1145, 1179
1145, 1181
1145, 1178
1145, 1177
1145, 1180
1145, 1162
1145, 1186
1145, 1164
1145, 1156
1145, 1181
1181, 1182
1145, 1180
1181, 1184
1145, 1186
1145, 1164
1181, 1183
1145, 1179
1145, 1177
1145, 1178
1145, 1180
1145, 1164
1145, 1186
1145, 1164
1145, 1181
1145, 1156
1145, 1177
1145, 1162
1145, 1180
1145, 1186
1145, 1164
1145, 1179
1145, 1156
1145, 1187
1145, 1155
1145, 1180
1145, 1164
1145, 1186
1145, 1164
1145, 1179
1145, 1181
1145, 1156
1145, 1177
1145, 1178
1145, 1162
1145, 1180
1145, 1164
1145, 1186
1145, 1164
1145, 1179
1145, 1181
1145, 1156
1145, 1187
1145, 1155
1188, 1189
1188, 1190
1188, 1191
1188, 1192
1188, 1193
1193, 1194
1193, 1195
1188, 1196
1188, 1197
1188, 1198
1188, 1193
1193, 1194
1193, 1195
1188, 1199
1188, 1200
1188, 1193
1193, 1194
1193, 1195
1188, 1196
1188, 1201
1201, 1202
1201, 1203
1201, 1198
1188, 1196
1188, 1204
1188, 1203
1188, 1205
1188, 1206
1188, 1207
1188, 1198
1188, 1208
1188, 1209
1188, 1210
1188, 1202
1188, 1211
1188, 1212
1188, 1213
1188, 1202
1188, 1214
1214, 1193
1193, 1194
1193, 1195
1214, 1215
1214, 1216
1214, 1217
1214, 1199
1214, 1218
1214, 1217
1214, 1219
1193, 1195
1188, 1193
1193, 1194
1214, 1218
1188, 1220
1214, 1199
1188, 1205
1214, 1217
1193, 1195
1188, 1213
1188, 1221
1188, 1197
1214, 1218
1188, 1205
1188, 1222
1188, 1207
1188, 1223
1188, 1222
1214, 1218
1188, 1223
1188, 1224
1188, 1199
1188, 1222
1188, 1224
1188, 1205
1188, 1222
1188, 1224
1188, 1223
1188, 1199
1188, 1225
1188, 1193
1193, 1194
1193, 1195
1226, 1227
1188, 1213
1188, 1197
1188, 1221
1188, 1205
1188, 1220
1188, 1224
1188, 1205
1188, 1207
1188, 1226
1226, 1228
1188, 1199
1188, 1220
1188, 1224
1226, 1229
1226, 1230
1226, 1227
1188, 1220
1188, 1207
1188, 1225
1188, 1220
1188, 1224
1226, 1228
1188, 1222
1188, 1207
1188, 1226
1226, 1228
1188, 1199
1188, 1226
1226, 1227
1226, 1229
1188, 1222
1226, 1227
1188, 1220
1226, 1230
1188, 1225
1188, 1220
1188, 1207
1226, 1228
1188, 1222
1188, 1207
1188, 1226
1188, 1207
1188, 1220
1188, 1224
1226, 1228
1188, 1205
1188, 1207
1226, 1227
1188, 1207
1188, 1226
1188, 1220
1226, 1228
1188, 1222
1226, 1227
1188, 1223
1226, 1230
1188, 1225
1188, 1220
1188, 1226
1188, 1220
1188, 1224
1188, 1207
1188, 1222
1188, 1223
1188, 1207
1188, 1225
1188, 1226
1188, 1199
1188, 1224
1188, 1205
1188, 1222
1188, 1223
1188, 1205
1188, 1225
1188, 1207
1188, 1199
1188, 1231
1188, 1226
1226, 1228
1188, 1207
1226, 1227
1226, 1229
1188, 1226
1188, 1199
1188, 1220
1188, 1224
1188, 1205
1188, 1222
1188, 1207
1188, 1223
1188, 1207
1188, 1225
1188, 1226
1188, 1199
1226, 1228
1188, 1198
1226, 1227
1226, 1229
1226, 1230
1188, 1199
1188, 1220
1188, 1224
1188, 1205
1188, 1222
1188, 1207
1188, 1223
1188, 1207
1188, 1225
1188, 1226
1226, 1228
1226, 1227
1226, 1229
1226, 1230
1188, 1199
1188, 1220
1188, 1224
1188, 1205
1188, 1222
1188, 1207
1188, 1223
1188, 1207
1188, 1225
1188, 1226
1226, 1228
1226, 1227
1226, 1229
1226, 1230
1188, 1199
1188, 1220
1188, 1224
1188, 1205
1188, 1222
1188, 1207
1188, 1223
1188, 1207
1188, 1225
1188, 1226
1188, 1199
1188, 1220
1188, 1224
1188, 1205
1188, 1222
1188, 1207
1188, 1223
1188, 1207
1188, 1225
1188, 1226
1188, 1199
1188, 1231
1188, 1198
1232, 1233
1232, 1234
1232, 1235
1235, 1236
1232, 1234
1232, 1237
1232, 1238
1232, 1239
1232, 1234
1232, 1240
1240, 1241
1242, 1243
1242, 1244
1242, 1245
1245, 1246
1242, 1247
1242, 1248
1242, 1249
1242, 1250
1242, 1244
1242, 1251
1251, 1252
1253, 1254
1253, 1255
1253, 1256
1256, 1257
1253, 1255
1253, 1258
1253, 1259
1253, 1260
1253, 1255
1253, 1261
1261, 1262
1263, 1264
1263, 1265
1263, 1266
1266, 1267
1263, 1265
1263, 1268
1263, 1269
1263, 1270
1263, 1265
1263, 1271
1271, 1272
1273, 1274
1273, 1275
1273, 1276
1276, 1277
1273, 1275
1273, 1278
1273, 1279
1273, 1280
1273, 1275
1273, 1281
1281, 1282
1283, 1284
1283, 1285
1283, 1286
1286, 1287
1283, 1285
1283, 1288
1283, 1289
1283, 1290
1283, 1285
1283, 1291
1291, 1292
1293, 1294
1293, 1295
1293, 1296
1296, 1297
1293, 1298
1293, 1299
1293, 1300
1293, 1301
1293, 1295
1293, 1302
1302, 1303
1304, 1305
1304, 1306
1304, 1307
1307, 1308
1304, 1306
1304, 1309
1304, 1310
1304, 1311
1304, 1306
1304, 1312
1312, 1313
1314, 1315
1314, 1316
1314, 1317
1317, 1318
1314, 1319
1314, 1320
1314, 1321
1314, 1322
1314, 1316
1314, 1323
1323, 1324
1325, 1326
1325, 1327
1325, 1328
1328, 1329
1325, 1327
1325, 1330
1325, 1331
1325, 1332
1325, 1327
1325, 1333
1333, 1334
1335, 1336
1335, 1337
1335, 1338
1338, 1339
1335, 1337
1335, 1340
1335, 1341
1335, 1342
1335, 1337
1335, 1343
1343, 1344
1345, 1346
1345, 1347
1345, 1348
1348, 1349
1345, 1347
1345, 1350
1345, 1351
1345, 1352
1345, 1347
1345, 1353
1353, 1354
1355, 1356
1355, 1357
1355, 1358
1358, 1359
1355, 1360
1355, 1361
1355, 1362
1355, 1363
1355, 1357
1355, 1364
1364, 1365
1366, 1367
1366, 1368
1366, 1369
1366, 1370
1370, 1371
1366, 1372
1366, 1373
1366, 1374
1366, 1375
1366, 1376
1366, 1368
1366, 1369
1366, 1377
1377, 1378
1377, 1368
1377, 1379
1380, 1381
1380, 1382
1380, 1383
1380, 1384
1384, 1385
1380, 1386
1380, 1387
1380, 1388
1380, 1389
1380, 1390
1380, 1382
1380, 1383
1380, 1391
1391, 1392
1391, 1382
1391, 1393
1394, 1395
1394, 1396
1394, 1397
1394, 1398
1398, 1399
1394, 1400
1394, 1401
1394, 1402
1394, 1403
1394, 1404
1394, 1396
1394, 1397
1394, 1405
1405, 1406
1405, 1396
1405, 1407
1408, 1409
1408, 1410
1408, 1411
1408, 1412
1412, 1413
1408, 1414
1408, 1415
1408, 1416
1408, 1417
1408, 1418
1408, 1410
1408, 1411
1408, 1419
1419, 1420
1419, 1410
1419, 1421
1422, 1423
1422, 1424
1422, 1425
1422, 1426
1426, 1427
1422, 1428
1422, 1429
1422, 1430
1422, 1431
1422, 1432
1422, 1433
1422, 1424
1422, 1425
1422, 1434
1434, 1435
1434, 1424
1434, 1436
1437, 1438
1437, 1439
1437, 1440
1437, 1441
1441, 1442
1437, 1443
1437, 1444
1437, 1445
1437, 1446
1437, 1447
1437, 1439
1437, 1440
1437, 1448
1448, 1449
1448, 1439
1448, 1450
1451, 1452
1451, 1453
1451, 1454
1451, 1455
1455, 1456
1457, 1458
1457, 1459
1457, 1460
1457, 1461
1461, 1462
1463, 1464
1463, 1465
1463, 1466
1463, 1467
1467, 1468
1469, 1470
1469, 1471
1469, 1472
1469, 1473
1473, 1474
1475, 1476
1475, 1477
1475, 1478
1475, 1479
1479, 1480
1481, 1482
1481, 1483
1481, 1484
1481, 1485
1485, 1486
1487, 1488
1487, 1489
1487, 1490
1487, 1491
1491, 1492
1493, 1494
1493, 1495
1493, 1496
1493, 1497
1497, 1498
1499, 1500
1499, 1501
1499, 1502
1499, 1503
1503, 1504
1505, 1506
1505, 1507
1505, 1508
1505, 1509
1509, 1510
1511, 1512
1511, 1513
1511, 1514
1511, 1515
1515, 1516
1517, 1518
1517, 1519
1517, 1520
1517, 1521
1521, 1522
1523, 1524
1523, 1525
1523, 1526
1523, 1527
1527, 1528
1529, 1530
1529, 1531
1529, 1532
1529, 1533
1533, 1534
1535, 1536
1535, 1537
1535, 1538
1535, 1539
1539, 1540
1541, 1542
1541, 1543
1541, 1544
1541, 1545
1545, 1546
1547, 1548
1547, 1549
1547, 1550
1547, 1551
1551, 1552
1553, 1554
1553, 1555
1553, 1556
1553, 1557
1557, 1558
1559, 1560
1559, 1561
1559, 1562
1562, 1563
1559, 1564
1564, 1565
1564, 1566
1564, 1567
1564, 1568
1568, 1563
1568, 1569
1568, 1570
1568, 1571
1568, 1572
1568, 1573
1573, 1574
1573, 1575
1568, 1576
1568, 1577
1568, 1573
1573, 1574
1573, 1575
1568, 1561
1568, 1572
1568, 1573
1573, 1574
1573, 1575
1568, 1578
1568, 1561
1568, 1579
1579, 1580
1579, 1581
1579, 1572
1568, 1561
1568, 1582
1568, 1581
1568, 1583
1568, 1584
1568, 1585
1568, 1572
1568, 1586
1568, 1587
1568, 1588
1568, 1580
1568, 1589
1568, 1590
1568, 1591
1568, 1580
1568, 1592
1568, 1593
1568, 1583
1568, 1594
1594, 1573
1573, 1574
1573, 1575
1594, 1595
1594, 1596
1594, 1578
1594, 1597
1594, 1596
1594, 1598
1568, 1578
1568, 1573
1573, 1574
1573, 1575
1568, 1578
1568, 1591
1568, 1599
1568, 1573
1573, 1574
1573, 1575
1568, 1591
1568, 1577
1568, 1600
1568, 1592
1568, 1593
1568, 1583
1568, 1601
1568, 1585
1568, 1602
1568, 1585
1568, 1578
1568, 1592
1568, 1593
1568, 1583
1568, 1601
1568, 1585
1568, 1602
1568, 1585
1568, 1603
1568, 1604
1568, 1578
1604, 1605
1568, 1593
1604, 1606
1568, 1601
1604, 1607
1568, 1602
1568, 1592
1568, 1603
1568, 1583
1568, 1578
1568, 1592
1568, 1593
1568, 1585
1568, 1601
1568, 1585
1568, 1602
1568, 1585
1604, 1606
1604, 1605
1604, 1607
1568, 1578
1568, 1592
1568, 1593
1604, 1607
1568, 1578
1568, 1585
1568, 1593
1568, 1585
1568, 1601
1568, 1585
1604, 1605
1568, 1585
1604, 1606
1604, 1605
1604, 1607
1604, 1606
1568, 1593
1604, 1607
1568, 1601
1568, 1592
1568, 1602
1568, 1583
1568, 1603
1568, 1585
1568, 1602
1568, 1585
1604, 1606
1568, 1604
1604, 1608
1604, 1605
1568, 1578
1604, 1606
1568, 1593
1568, 1583
1568, 1601
1568, 1585
1568, 1602
1568, 1583
1568, 1603
1568, 1604
1604, 1605
1568, 1603
1604, 1606
1568, 1578
1568, 1592
1568, 1593
1568, 1592
1568, 1601
1568, 1583
1568, 1602
1568, 1585
1568, 1602
1568, 1604
1568, 1603
1568, 1592
1568, 1578
1568, 1592
1568, 1593
1568, 1585
1568, 1601
1568, 1585
1568, 1602
1568, 1585
1568, 1603
1568, 1592
1568, 1593
1568, 1583
1568, 1601
1568, 1583
1568, 1602
1568, 1585
1568, 1602
1568, 1604
1568, 1603
1568, 1604
1568, 1593
1568, 1592
1568, 1601
1568, 1583
1568, 1601
1568, 1585
1568, 1603
1568, 1604
1568, 1572
1568, 1592
1568, 1593
1568, 1583
1568, 1601
1568, 1585
1568, 1602
1568, 1585
1568, 1603
1568, 1604
1568, 1578
1568, 1609
1568, 1572
1610, 1611
1610, 1612
1610, 1613
1613, 1614
1610, 1615
1615, 1616
1615, 1617
1615, 1618
1615, 1619
1619, 1614
1619, 1620
1619, 1621
1619, 1622
1619, 1623
1619, 1624
1624, 1625
1624, 1626
1619, 1627
1619, 1628
1619, 1624
1624, 1625
1624, 1626
1619, 1612
1619, 1623
1619, 1624
1624, 1625
1624, 1626
1619, 1629
1619, 1612
1619, 1630
1630, 1631
1630, 1632
1630, 1623
1619, 1612
1619, 1633
1619, 1632
1619, 1634
1619, 1635
1619, 1636
1619, 1623
1619, 1637
1619, 1638
1619, 1639
1619, 1631
1619, 1640
1619, 1641
1619, 1642
1619, 1631
1619, 1643
1619, 1644
1619, 1634
1619, 1645
1645, 1624
1624, 1625
1624, 1626
1645, 1646
1645, 1647
1645, 1629
1645, 1648
1619, 1624
1624, 1625
1624, 1626
1645, 1647
1619, 1642
1619, 1649
1619, 1624
1645, 1650
1619, 1629
1619, 1624
1624, 1625
1624, 1626
1619, 1651
1619, 1649
1619, 1644
1619, 1634
1624, 1626
1619, 1636
1619, 1652
1619, 1628
1619, 1651
1619, 1643
1619, 1644
1619, 1653
1619, 1636
1619, 1652
1619, 1654
1619, 1655
1619, 1629
1619, 1643
1619, 1634
1619, 1653
1619, 1652
1619, 1636
1619, 1654
1619, 1655
1619, 1643
1619, 1634
1619, 1653
1619, 1636
1619, 1652
1619, 1636
1619, 1654
1619, 1655
1655, 1656
1619, 1644
1619, 1634
1655, 1657
1619, 1636
1619, 1652
1619, 1629
1619, 1654
1619, 1644
1655, 1656
1619, 1636
1655, 1657
1655, 1658
1619, 1654
1619, 1655
1655, 1656
1619, 1634
1655, 1657
1655, 1658
1655, 1659
1619, 1629
1619, 1654
1619, 1655
1619, 1634
1655, 1656
1655, 1657
1619, 1652
1619, 1636
1619, 1654
1619, 1629
1655, 1656
1655, 1657
1619, 1636
1655, 1659
1619, 1629
1619, 1643
1619, 1655
1619, 1634
1619, 1653
1619, 1636
1619, 1652
1619, 1636
1655, 1659
1619, 1629
1655, 1656
1619, 1644
1655, 1657
1619, 1653
1619, 1636
1655, 1659
1619, 1636
1619, 1643
1619, 1644
1655, 1656
1619, 1636
1619, 1652
1655, 1658
1619, 1654
1619, 1655
1619, 1643
1619, 1644
1619, 1634
1619, 1636
1619, 1655
1655, 1656
1655, 1657
1655, 1659
1619, 1629
1619, 1643
1619, 1634
1619, 1653
1619, 1636
1619, 1654
1655, 1656
1619, 1629
1655, 1657
1655, 1658
1655, 1659
1619, 1629
1619, 1652
1619, 1636
1619, 1654
1619, 1653
1619, 1629
1619, 1652
1619, 1636
1619, 1654
1619, 1655
1619, 1636
1619, 1652
1619, 1636
1655, 1657
1619, 1655
1655, 1659
1619, 1629
1619, 1643
1619, 1644
1619, 1634
1619, 1636
1619, 1655
1619, 1629
1619, 1643
1619, 1634
1619, 1653
1619, 1652
1619, 1636
1619, 1654
1619, 1644
1619, 1636
1619, 1652
1619, 1636
1619, 1654
1619, 1655
1619, 1629
1619, 1660
1619, 1623
1661, 1662
1661, 1663
1661, 1664
1664, 1665
1661, 1666
1666, 1667
1666, 1668
1666, 1669
1666, 1670
1670, 1665
1670, 1671
1670, 1672
1670, 1673
1670, 1674
1670, 1675
1675, 1676
1675, 1677
1670, 1678
1670, 1679
1670, 1675
1675, 1676
1675, 1677
1670, 1663
1670, 1674
1670, 1675
1675, 1676
1675, 1677
1670, 1680
1670, 1663
1670, 1681
1681, 1682
1681, 1683
1681, 1674
1670, 1663
1670, 1684
1670, 1683
1670, 1685
1670, 1686
1670, 1687
1670, 1674
1670, 1688
1670, 1689
1670, 1690
1670, 1682
1670, 1691
1670, 1692
1670, 1693
1670, 1682
1670, 1694
1670, 1695
1670, 1685
1670, 1696
1696, 1675
1675, 1676
1675, 1677
1696, 1697
1696, 1698
1696, 1680
1696, 1699
1696, 1698
1696, 1700
1670, 1680
1670, 1675
1675, 1676
1675, 1677
1670, 1680
1670, 1693
1670, 1701
1670, 1675
1675, 1676
1675, 1677
1670, 1693
1670, 1679
1670, 1702
1670, 1694
1670, 1695
1670, 1685
1670, 1703
1670, 1687
1670, 1704
1670, 1687
1670, 1680
1670, 1694
1670, 1695
1670, 1685
1670, 1703
1670, 1687
1670, 1704
1670, 1687
1670, 1705
1670, 1706
1706, 1707
1706, 1708
1706, 1709
1706, 1710
1670, 1680
1670, 1694
1670, 1695
1670, 1685
1670, 1703
1670, 1687
1670, 1704
1670, 1687
1670, 1705
1670, 1706
1670, 1680
1670, 1711
1670, 1674
1712, 1713
1712, 1714
1712, 1715
1715, 1716
1712, 1717
1717, 1718
1717, 1719
1717, 1720
1717, 1721
1721, 1716
1721, 1722
1721, 1723
1721, 1724
1721, 1725
1721, 1726
1726, 1727
1726, 1728
1721, 1729
1721, 1730
1721, 1726
1726, 1727
1726, 1728
1721, 1714
1721, 1725
1721, 1726
1726, 1727
1726, 1728
1721, 1731
1721, 1714
1721, 1732
1732, 1733
1732, 1734
1732, 1725
1721, 1714
1721, 1735
1721, 1734
1721, 1736
1721, 1737
1721, 1738
1721, 1725
1721, 1739
1721, 1740
1721, 1741
1721, 1733
1721, 1742
1721, 1743
1721, 1744
1721, 1733
1721, 1745
1721, 1746
1721, 1736
1721, 1747
1747, 1726
1726, 1727
1726, 1728
1747, 1748
1747, 1749
1747, 1731
1747, 1750
1721, 1726
1726, 1727
1726, 1728
1747, 1749
1721, 1744
1721, 1751
1721, 1726
1747, 1752
1721, 1731
1721, 1726
1726, 1727
1726, 1728
1721, 1753
1721, 1751
1721, 1746
1721, 1736
1726, 1728
1721, 1738
1721, 1754
1721, 1730
1721, 1753
1721, 1745
1721, 1746
1721, 1755
1721, 1738
1721, 1754
1721, 1756
1721, 1757
1721, 1731
1721, 1745
1721, 1736
1721, 1755
1721, 1754
1721, 1738
1721, 1756
1721, 1757
1721, 1745
1721, 1736
1721, 1755
1721, 1738
1721, 1754
1721, 1738
1721, 1756
1721, 1757
1757, 1758
1721, 1746
1721, 1736
1757, 1759
1721, 1738
1721, 1754
1721, 1731
1721, 1756
1721, 1746
1757, 1758
1721, 1738
1757, 1759
1757, 1760
1721, 1756
1721, 1757
1757, 1758
1721, 1736
1757, 1759
1757, 1760
1757, 1761
1721, 1731
1721, 1756
1721, 1757
1721, 1736
1757, 1758
1757, 1759
1721, 1754
1721, 1738
1721, 1756
1721, 1731
1757, 1758
1757, 1759
1721, 1738
1757, 1761
1721, 1731
1721, 1745
1721, 1757
1721, 1736
1721, 1755
1721, 1738
1721, 1754
1721, 1738
1757, 1761
1721, 1731
1757, 1758
1721, 1746
1757, 1759
1721, 1755
1721, 1738
1757, 1761
1721, 1738
1721, 1745
1721, 1746
1757, 1758
1721, 1738
1721, 1754
1757, 1760
1721, 1756
1721, 1757
1721, 1745
1721, 1746
1721, 1736
1721, 1738
1721, 1757
1757, 1758
1757, 1759
1757, 1761
1721, 1731
1721, 1745
1721, 1736
1721, 1755
1721, 1738
1721, 1756
1757, 1758
1721, 1731
1757, 1759
1757, 1760
1757, 1761
1721, 1731
1721, 1754
1721, 1738
1721, 1756
1721, 1755
1721, 1731
1721, 1754
1721, 1738
1721, 1756
1721, 1757
1721, 1738
1721, 1754
1721, 1738
1757, 1759
1721, 1757
1757, 1761
1721, 1731
1721, 1745
1721, 1746
1721, 1736
1721, 1738
1721, 1757
1721, 1731
1721, 1745
1721, 1736
1721, 1755
1721, 1754
1721, 1738
1721, 1756
1721, 1746
1721, 1738
1721, 1754
1721, 1738
1721, 1756
1721, 1757
1721, 1731
1721, 1762
1721, 1725
1763, 1764
1763, 1765
1763, 1766
1766, 1767
1763, 1768
1768, 1769
1768, 1770
1768, 1771
1768, 1772
1772, 1767
1772, 1773
1772, 1774
1772, 1775
1772, 1776
1772, 1777
1777, 1778
1777, 1779
1772, 1780
1772, 1781
1772, 1777
1777, 1778
1777, 1779
1772, 1765
1772, 1776
1772, 1777
1777, 1778
1777, 1779
1772, 1782
1772, 1765
1772, 1783
1783, 1784
1783, 1785
1783, 1776
1772, 1765
1772, 1786
1772, 1785
1772, 1787
1772, 1788
1772, 1789
1772, 1776
1772, 1790
1772, 1791
1772, 1792
1772, 1784
1772, 1793
1772, 1794
1772, 1795
1772, 1784
1772, 1796
1772, 1797
1772, 1787
1772, 1798
1798, 1777
1777, 1778
1777, 1779
1798, 1799
1798, 1800
1798, 1782
1798, 1801
1798, 1800
1798, 1802
1772, 1782
1772, 1777
1777, 1778
1777, 1779
1772, 1782
1772, 1795
1772, 1803
1772, 1777
1777, 1778
1777, 1779
1772, 1795
1772, 1781
1772, 1804
1772, 1796
1772, 1797
1772, 1787
1772, 1805
1772, 1789
1772, 1806
1772, 1789
1772, 1782
1772, 1796
1772, 1797
1772, 1787
1772, 1805
1772, 1789
1772, 1806
1772, 1789
1772, 1807
1772, 1808
1772, 1782
1808, 1809
1772, 1797
1808, 1810
1772, 1805
1808, 1811
1772, 1806
1772, 1796
1772, 1807
1772, 1787
1772, 1782
1772, 1796
1772, 1797
1772, 1789
1772, 1805
1772, 1789
1772, 1806
1772, 1789
1808, 1810
1808, 1809
1808, 1811
1772, 1782
1772, 1796
1772, 1797
1808, 1811
1772, 1782
1772, 1789
1772, 1797
1772, 1789
1772, 1805
1772, 1789
1808, 1809
1772, 1789
1808, 1810
1808, 1809
1808, 1811
1808, 1810
1772, 1797
1808, 1811
1772, 1805
1772, 1796
1772, 1806
1772, 1787
1772, 1807
1772, 1789
1772, 1806
1772, 1789
1808, 1810
1772, 1808
1808, 1812
1808, 1809
1772, 1782
1808, 1810
1772, 1797
1772, 1787
1772, 1805
1772, 1789
1772, 1806
1772, 1787
1772, 1807
1772, 1808
1808, 1809
1772, 1807
1808, 1810
1772, 1782
1772, 1796
1772, 1797
1772, 1796
1772, 1805
1772, 1787
1772, 1806
1772, 1789
1772, 1806
1772, 1808
1772, 1807
1772, 1796
1772, 1782
1772, 1796
1772, 1797
1772, 1789
1772, 1805
1772, 1789
1772, 1806
1772, 1789
1772, 1807
1772, 1796
1772, 1797
1772, 1787
1772, 1805
1772, 1787
1772, 1806
1772, 1789
1772, 1806
1772, 1808
1772, 1807
1772, 1808
1772, 1797
1772, 1796
1772, 1805
1772, 1787
1772, 1805
1772, 1789
1772, 1807
1772, 1808
1772, 1776
1772, 1796
1772, 1797
1772, 1787
1772, 1805
1772, 1789
1772, 1806
1772, 1789
1772, 1807
1772, 1808
1772, 1782
1772, 1813
1772, 1776
1814, 1815
1814, 1816
1814, 1817
1817, 1818
1814, 1819
1819, 1820
1819, 1821
1819, 1822
1819, 1823
1823, 1818
1823, 1824
1823, 1825
1823, 1826
1823, 1827
1823, 1828
1828, 1829
1828, 1830
1823, 1831
1823, 1832
1823, 1828
1828, 1829
1828, 1830
1823, 1816
1823, 1827
1823, 1828
1828, 1829
1828, 1830
1823, 1833
1823, 1816
1823, 1834
1834, 1835
1834, 1836
1834, 1827
1823, 1816
1823, 1837
1823, 1836
1823, 1838
1823, 1839
1823, 1840
1823, 1827
1823, 1841
1823, 1842
1823, 1843
1823, 1835
1823, 1844
1823, 1845
1823, 1846
1823, 1835
1823, 1847
1823, 1848
1823, 1838
1823, 1849
1849, 1828
1828, 1829
1828, 1830
1849, 1850
1849, 1851
1849, 1833
1849, 1852
1823, 1828
1828, 1829
1828, 1830
1849, 1851
1823, 1846
1823, 1853
1823, 1828
1849, 1854
1823, 1833
1823, 1828
1828, 1829
1828, 1830
1823, 1855
1823, 1853
1823, 1848
1823, 1838
1828, 1830
1823, 1840
1823, 1856
1823, 1832
1823, 1855
1823, 1847
1823, 1848
1823, 1857
1823, 1840
1823, 1856
1823, 1858
1823, 1859
1823, 1833
1823, 1847
1823, 1838
1823, 1857
1823, 1856
1823, 1840
1823, 1858
1823, 1859
1823, 1847
1823, 1838
1823, 1857
1823, 1840
1823, 1856
1823, 1840
1823, 1858
1823, 1859
1859, 1860
1823, 1848
1823, 1838
1859, 1861
1823, 1840
1823, 1856
1823, 1833
1823, 1858
1823, 1848
1859, 1860
1823, 1840
1859, 1861
1859, 1862
1823, 1858
1823, 1859
1859, 1860
1823, 1838
1859, 1861
1859, 1862
1859, 1863
1823, 1833
1823, 1858
1823, 1859
1823, 1838
1859, 1860
1859, 1861
1823, 1856
1823, 1840
1823, 1858
1823, 1833
1859, 1860
1859, 1861
1823, 1840
1859, 1863
1823, 1833
1823, 1847
1823, 1859
1823, 1838
1823, 1857
1823, 1840
1823, 1856
1823, 1840
1859, 1863
1823, 1833
1859, 1860
1823, 1848
1859, 1861
1823, 1857
1823, 1840
1859, 1863
1823, 1840
1823, 1847
1823, 1848
1859, 1860
1823, 1840
1823, 1856
1859, 1862
1823, 1858
1823, 1859
1823, 1847
1823, 1848
1823, 1838
1823, 1840
1823, 1859
1859, 1860
1859, 1861
1859, 1863
1823, 1833
1823, 1847
1823, 1838
1823, 1857
1823, 1840
1823, 1858
1859, 1860
1823, 1833
1859, 1861
1859, 1862
1859, 1863
1823, 1833
1823, 1856
1823, 1840
1823, 1858
1823, 1857
1823, 1833
1823, 1856
1823, 1840
1823, 1858
1823, 1859
1823, 1840
1823, 1856
1823, 1840
1859, 1861
1823, 1859
1859, 1863
1823, 1833
1823, 1847
1823, 1848
1823, 1838
1823, 1840
1823, 1859
1823, 1833
1823, 1847
1823, 1838
1823, 1857
1823, 1856
1823, 1840
1823, 1858
1823, 1848
1823, 1840
1823, 1856
1823, 1840
1823, 1858
1823, 1859
1823, 1833
1823, 1864
1823, 1827
1865, 1866
1865, 1867
1865, 1868
1868, 1869
1865, 1870
1870, 1871
1870, 1872
1870, 1873
1870, 1874
1874, 1869
1874, 1875
1874, 1876
1874, 1877
1874, 1878
1874, 1879
1879, 1880
1879, 1881
1874, 1882
1874, 1883
1874, 1879
1879, 1880
1879, 1881
1874, 1867
1874, 1878
1874, 1879
1879, 1880
1879, 1881
1874, 1884
1874, 1867
1874, 1885
1885, 1886
1885, 1887
1885, 1878
1874, 1867
1874, 1888
1874, 1887
1874, 1889
1874, 1890
1874, 1891
1874, 1878
1874, 1892
1874, 1893
1874, 1894
1874, 1886
1874, 1895
1874, 1896
1874, 1897
1874, 1886
1874, 1898
1874, 1899
1874, 1889
1874, 1900
1900, 1879
1879, 1880
1879, 1881
1900, 1901
1900, 1902
1900, 1884
1900, 1903
1900, 1902
1900, 1904
1874, 1884
1874, 1879
1879, 1880
1879, 1881
1874, 1884
1874, 1897
1874, 1905
1874, 1879
1879, 1880
1879, 1881
1874, 1897
1874, 1883
1874, 1906
1874, 1898
1874, 1899
1874, 1889
1874, 1907
1874, 1891
1874, 1908
1874, 1891
1874, 1884
1874, 1898
1874, 1899
1874, 1889
1874, 1907
1874, 1891
1874, 1908
1874, 1891
1874, 1909
1874, 1910
1910, 1911
1910, 1912
1910, 1913
1910, 1914
1874, 1884
1874, 1898
1874, 1899
1874, 1889
1874, 1907
1874, 1891
1874, 1908
1874, 1891
1874, 1909
1874, 1910
1874, 1884
1874, 1915
1874, 1878
1916, 1917
1916, 1918
1916, 1919
1919, 1920
1916, 1921
1921, 1922
1921, 1923
1921, 1924
1921, 1925
1925, 1920
1925, 1926
1925, 1927
1925, 1928
1925, 1929
1925, 1930
1930, 1931
1930, 1932
1925, 1933
1925, 1934
1925, 1930
1930, 1931
1930, 1932
1925, 1918
1925, 1929
1925, 1930
1930, 1931
1930, 1932
1925, 1935
1925, 1918
1925, 1936
1936, 1937
1936, 1938
1936, 1929
1925, 1918
1925, 1939
1925, 1938
1925, 1940
1925, 1941
1925, 1942
1925, 1929
1925, 1943
1925, 1944
1925, 1945
1925, 1937
1925, 1946
1925, 1947
1925, 1948
1925, 1937
1925, 1949
1925, 1950
1925, 1940
1925, 1951
1951, 1930
1930, 1931
1930, 1932
1951, 1952
1951, 1953
1951, 1935
1951, 1954
1951, 1953
1951, 1955
1925, 1935
1925, 1930
1930, 1931
1930, 1932
1925, 1935
1925, 1948
1925, 1956
1925, 1930
1930, 1931
1930, 1932
1925, 1948
1925, 1934
1925, 1957
1925, 1949
1925, 1950
1925, 1940
1925, 1958
1925, 1942
1925, 1959
1925, 1942
1925, 1935
1925, 1949
1925, 1950
1925, 1940
1925, 1958
1925, 1942
1925, 1959
1925, 1942
1925, 1960
1925, 1961
1925, 1935
1961, 1962
1925, 1950
1961, 1963
1925, 1958
1961, 1964
1925, 1959
1925, 1949
1925, 1960
1925, 1940
1925, 1935
1925, 1949
1925, 1950
1925, 1942
1925, 1958
1925, 1942
1925, 1959
1925, 1942
1961, 1963
1961, 1962
1961, 1964
1925, 1935
1925, 1949
1925, 1950
1961, 1964
1925, 1935
1925, 1942
1925, 1950
1925, 1942
1925, 1958
1925, 1942
1961, 1962
1925, 1942
1961, 1963
1961, 1962
1961, 1964
1961, 1963
1925, 1950
1961, 1964
1925, 1958
1925, 1949
1925, 1959
1925, 1940
1925, 1960
1925, 1942
1925, 1959
1925, 1942
1961, 1963
1925, 1961
1961, 1965
1961, 1962
1925, 1935
1961, 1963
1925, 1950
1925, 1940
1925, 1958
1925, 1942
1925, 1959
1925, 1940
1925, 1960
1925, 1961
1961, 1962
1925, 1960
1961, 1963
1925, 1935
1925, 1949
1925, 1950
1925, 1949
1925, 1958
1925, 1940
1925, 1959
1925, 1942
1925, 1959
1925, 1961
1925, 1960
1925, 1949
1925, 1935
1925, 1949
1925, 1950
1925, 1942
1925, 1958
1925, 1942
1925, 1959
1925, 1942
1925, 1960
1925, 1949
1925, 1950
1925, 1940
1925, 1958
1925, 1940
1925, 1959
1925, 1942
1925, 1959
1925, 1961
1925, 1960
1925, 1961
1925, 1950
1925, 1949
1925, 1958
1925, 1940
1925, 1958
1925, 1942
1925, 1960
1925, 1961
1925, 1929
1925, 1949
1925, 1950
1925, 1940
1925, 1958
1925, 1942
1925, 1959
1925, 1942
1925, 1960
1925, 1961
1925, 1935
1925, 1966
1925, 1929
1967, 1968
1967, 1969
1967, 1970
1970, 1971
1967, 1972
1972, 1973
1972, 1974
1972, 1975
1972, 1976
1976, 1971
1976, 1977
1976, 1978
1976, 1979
1976, 1980
1976, 1981
1981, 1982
1981, 1983
1976, 1984
1976, 1985
1976, 1981
1981, 1982
1981, 1983
1976, 1969
1976, 1980
1976, 1981
1981, 1982
1981, 1983
1976, 1986
1976, 1969
1976, 1987
1987, 1988
1987, 1989
1987, 1980
1976, 1969
1976, 1990
1976, 1989
1976, 1991
1976, 1992
1976, 1993
1976, 1980
1976, 1994
1976, 1995
1976, 1996
1976, 1988
1976, 1997
1976, 1998
1976, 1999
1976, 1988
1976, 2000
1976, 2001
1976, 1991
1976, 2002
2002, 1981
1981, 1982
1981, 1983
2002, 2003
2002, 2004
2002, 1986
2002, 2005
1976, 1981
1981, 1982
1981, 1983
2002, 2004
1976, 1999
1976, 2006
1976, 1981
2002, 2007
1976, 1986
1976, 1981
1981, 1982
1981, 1983
1976, 2008
1976, 2006
1976, 2001
1976, 1991
1981, 1983
1976, 1993
1976, 2009
1976, 1985
1976, 2008
1976, 2000
1976, 2001
1976, 2010
1976, 1993
1976, 2009
1976, 2011
1976, 2012
1976, 1986
1976, 2000
1976, 1991
1976, 2010
1976, 2009
1976, 1993
1976, 2011
1976, 2012
1976, 2000
1976, 1991
1976, 2010
1976, 1993
1976, 2009
1976, 1993
1976, 2011
1976, 2012
2012, 2013
1976, 2001
1976, 1991
2012, 2014
1976, 1993
1976, 2009
1976, 1986
1976, 2011
1976, 2001
2012, 2013
1976, 1993
2012, 2014
2012, 2015
1976, 2011
1976, 2012
2012, 2013
1976, 1991
2012, 2014
2012, 2015
2012, 2016
1976, 1986
1976, 2011
1976, 2012
1976, 1991
2012, 2013
2012, 2014
1976, 2009
1976, 1993
1976, 2011
1976, 1986
2012, 2013
2012, 2014
1976, 1993
2012, 2016
1976, 1986
1976, 2000
1976, 2012
1976, 1991
1976, 2010
1976, 1993
1976, 2009
1976, 1993
2012, 2016
1976, 1986
2012, 2013
1976, 2001
2012, 2014
1976, 2010
1976, 1993
2012, 2016
1976, 1993
1976, 2000
1976, 2001
2012, 2013
1976, 1993
1976, 2009
2012, 2015
1976, 2011
1976, 2012
1976, 2000
1976, 2001
1976, 1991
1976, 1993
1976, 2012
2012, 2013
2012, 2014
2012, 2016
1976, 1986
1976, 2000
1976, 1991
1976, 2010
1976, 1993
1976, 2011
2012, 2013
1976, 1986
2012, 2014
2012, 2015
2012, 2016
1976, 1986
1976, 2009
1976, 1993
1976, 2011
1976, 2010
1976, 1986
1976, 2009
1976, 1993
1976, 2011
1976, 2012
1976, 1993
1976, 2009
1976, 1993
2012, 2014
1976, 2012
2012, 2016
1976, 1986
1976, 2000
1976, 2001
1976, 1991
1976, 1993
1976, 2012
1976, 1986
1976, 2000
1976, 1991
1976, 2010
1976, 2009
1976, 1993
1976, 2011
1976, 2001
1976, 1993
1976, 2009
1976, 1993
1976, 2011
1976, 2012
1976, 1986
1976, 2017
1976, 1980
2018, 2019
2018, 2020
2018, 2021
2021, 2022
2018, 2023
2023, 2024
2023, 2025
2023, 2026
2023, 2027
2027, 2022
2027, 2028
2027, 2029
2027, 2030
2027, 2031
2027, 2032
2032, 2033
2032, 2034
2027, 2035
2027, 2036
2027, 2032
2032, 2033
2032, 2034
2027, 2020
2027, 2031
2027, 2032
2032, 2033
2032, 2034
2027, 2037
2027, 2020
2027, 2038
2038, 2039
2038, 2040
2038, 2031
2027, 2020
2027, 2041
2027, 2040
2027, 2042
2027, 2043
2027, 2044
2027, 2031
2027, 2045
2027, 2046
2027, 2047
2027, 2039
2027, 2048
2027, 2049
2027, 2050
2027, 2039
2027, 2051
2027, 2052
2027, 2042
2027, 2053
2053, 2032
2032, 2033
2032, 2034
2053, 2054
2053, 2055
2053, 2037
2053, 2056
2027, 2032
2053, 2037
2053, 2056
2027, 2037
2053, 2037
2053, 2056
2053, 2055
2053, 2037
2032, 2034
2053, 2055
2027, 2050
2053, 2056
2053, 2055
2027, 2057
2053, 2056
2027, 2052
2053, 2037
2027, 2058
2027, 2044
2027, 2059
2027, 2037
2027, 2051
2027, 2052
2027, 2042
2027, 2058
2027, 2060
2027, 2032
2032, 2033
2027, 2061
2027, 2050
2062, 2063
2027, 2036
2062, 2064
2027, 2057
2062, 2065
2062, 2066
2027, 2037
2027, 2058
2027, 2052
2027, 2059
2027, 2044
2027, 2059
2027, 2052
2027, 2061
2027, 2058
2062, 2063
2062, 2064
2027, 2062
2062, 2063
2027, 2051
2027, 2052
2062, 2065
2027, 2058
2027, 2037
2027, 2051
2027, 2044
2027, 2042
2027, 2062
2027, 2044
2027, 2059
2062, 2064
2062, 2065
2062, 2066
2062, 2063
2062, 2064
2027, 2042
2027, 2058
2027, 2037
2027, 2051
2027, 2044
2027, 2061
2027, 2062
2027, 2052
2027, 2044
2062, 2063
2027, 2044
2062, 2064
2027, 2062
2027, 2037
2027, 2051
2027, 2052
2027, 2058
2027, 2044
2027, 2059
2027, 2044
2027, 2062
2027, 2037
2027, 2051
2027, 2052
2062, 2064
2062, 2065
2027, 2059
2027, 2037
2027, 2051
2027, 2062
2027, 2042
2027, 2051
2027, 2044
2027, 2042
2027, 2058
2027, 2061
2027, 2059
2062, 2063
2062, 2064
2027, 2067
2027, 2031
2027, 2037
2027, 2051
2027, 2052
2027, 2042
2027, 2058
2027, 2044
2027, 2059
2027, 2044
2027, 2061
2027, 2062
2062, 2063
2062, 2064
2062, 2065
2062, 2066
2027, 2037
2027, 2051
2027, 2052
2027, 2042
2027, 2058
2027, 2044
2027, 2059
2027, 2044
2027, 2061
2027, 2062
2062, 2063
2062, 2064
2062, 2065
2062, 2066
2027, 2037
2027, 2051
2027, 2052
2027, 2042
2027, 2058
2027, 2044
2027, 2059
2027, 2044
2027, 2061
2027, 2062
2027, 2037
2027, 2067
2027, 2031
2068, 2069
2068, 2070
2068, 2071
2071, 2072
2068, 2073
2073, 2074
2073, 2075
2073, 2076
2073, 2077
2077, 2072
2077, 2078
2077, 2079
2077, 2080
2077, 2081
2077, 2082
2082, 2083
2082, 2084
2077, 2085
2077, 2086
2077, 2082
2082, 2083
2082, 2084
2077, 2070
2077, 2081
2077, 2082
2082, 2083
2082, 2084
2077, 2087
2077, 2070
2077, 2088
2088, 2089
2088, 2090
2088, 2081
2077, 2070
2077, 2091
2077, 2090
2077, 2092
2077, 2093
2077, 2094
2077, 2081
2077, 2095
2077, 2096
2077, 2097
2077, 2089
2077, 2098
2077, 2099
2077, 2100
2077, 2089
2077, 2101
2077, 2102
2077, 2092
2077, 2103
2103, 2082
2082, 2083
2082, 2084
2103, 2104
2103, 2105
2103, 2087
2103, 2106
2103, 2105
2103, 2107
2077, 2087
2077, 2082
2082, 2083
2082, 2084
2077, 2087
2077, 2100
2077, 2108
2077, 2082
2082, 2083
2082, 2084
2077, 2100
2077, 2086
2077, 2109
2077, 2101
2077, 2102
2077, 2092
2077, 2110
2077, 2094
2077, 2111
2077, 2094
2077, 2087
2077, 2101
2077, 2102
2077, 2092
2077, 2110
2077, 2094
2077, 2111
2077, 2094
2077, 2112
2077, 2113
2077, 2087
2113, 2114
2077, 2102
2113, 2115
2077, 2110
2113, 2116
2077, 2111
2077, 2101
2077, 2112
2077, 2092
2077, 2087
2077, 2101
2077, 2102
2077, 2094
2077, 2110
2077, 2094
2077, 2111
2077, 2094
2113, 2115
2113, 2114
2113, 2116
2077, 2087
2077, 2101
2077, 2102
2113, 2116
2077, 2087
2077, 2094
2077, 2102
2077, 2094
2077, 2110
2077, 2094
2113, 2114
2077, 2094
2113, 2115
2113, 2114
2113, 2116
2113, 2115
2077, 2102
2113, 2116
2077, 2110
2077, 2101
2077, 2111
2077, 2092
2077, 2112
2077, 2094
2077, 2111
2077, 2094
2113, 2115
2077, 2113
2113, 2117
2113, 2114
2077, 2087
2113, 2115
2077, 2102
2077, 2092
2077, 2110
2077, 2094
2077, 2111
2077, 2092
2077, 2112
2077, 2113
2113, 2114
2077, 2112
2113, 2115
2077, 2087
2077, 2101
2077, 2102
2077, 2101
2077, 2110
2077, 2092
2077, 2111
2077, 2094
2077, 2111
2077, 2113
2077, 2112
2077, 2101
2077, 2087
2077, 2101
2077, 2102
2077, 2094
2077, 2110
2077, 2094
2077, 2111
2077, 2094
2077, 2112
2077, 2101
2077, 2102
2077, 2092
2077, 2110
2077, 2092
2077, 2111
2077, 2094
2077, 2111
2077, 2113
2077, 2112
2077, 2113
2077, 2102
2077, 2101
2077, 2110
2077, 2092
2077, 2110
2077, 2094
2077, 2112
2077, 2113
2077, 2081
2077, 2101
2077, 2102
2077, 2092
2077, 2110
2077, 2094
2077, 2111
2077, 2094
2077, 2112
2077, 2113
2077, 2087
2077, 2118
2077, 2081
2119, 2120
2119, 2121
2119, 2122
2119, 2123
2119, 2124
2119, 2125
2119, 2126
2119, 2127
2119, 2128
2119, 2125
2119, 2129
2119, 2130
2119, 2131
2119, 2132
2132, 2133
2119, 2130
2119, 2131
2119, 2129
2119, 2134
2119, 2135
2119, 2136
2119, 2130
2119, 2131
2119, 2132
2132, 2133
2119, 2130
2119, 2131
2137, 2138
2137, 2139
2137, 2140
2137, 2141
2137, 2142
2137, 2143
2137, 2144
2137, 2145
2137, 2146
2137, 2143
2137, 2147
2137, 2148
2137, 2149
2137, 2150
2137, 2149
2137, 2147
2137, 2151
2137, 2148
2137, 2149
2137, 2148
2150, 2152
2137, 2148
2137, 2149
2137, 2148
2137, 2153
2137, 2151
2137, 2153
2137, 2154
2137, 2148
2137, 2149
2137, 2151
2150, 2152
2137, 2148
2137, 2149
2137, 2151
2137, 2153
2137, 2154
2137, 2150
2137, 2149
2137, 2150
2150, 2152
2137, 2148
2137, 2153
2137, 2154
2137, 2148
2137, 2149
2137, 2151
2137, 2148
2137, 2154
2137, 2148
2150, 2152
2137, 2150
2150, 2152
2137, 2151
2137, 2153
2137, 2151
2137, 2148
2137, 2154
2137, 2150
2137, 2149
2137, 2151
2137, 2149
2137, 2151
2137, 2153
2137, 2154
2137, 2148
2137, 2149
2137, 2150
2150, 2152
2137, 2148
2137, 2149
2155, 2156
2155, 2157
2155, 2158
2155, 2159
2155, 2160
2155, 2161
2155, 2162
2155, 2163
2155, 2164
2155, 2161
2155, 2165
2155, 2166
2155, 2165
2155, 2167
2155, 2168
2155, 2169
2155, 2165
2155, 2168
2155, 2166
2155, 2167
2155, 2168
2155, 2170
2155, 2167
2155, 2171
2171, 2172
2155, 2166
2155, 2168
2155, 2169
2155, 2166
2155, 2167
2155, 2171
2155, 2166
2155, 2167
2155, 2169
2155, 2170
2155, 2166
2155, 2167
2155, 2171
2171, 2172
2155, 2166
2155, 2168
2155, 2170
2155, 2166
2155, 2167
2155, 2170
2155, 2166
2155, 2171
2171, 2172
2155, 2169
2155, 2167
2155, 2166
2155, 2169
2155, 2170
2171, 2172
2155, 2166
2155, 2171
2171, 2172
2155, 2166
2155, 2167
2155, 2168
2155, 2169
2155, 2170
2155, 2166
2155, 2167
2155, 2171
2171, 2172
2155, 2166
2155, 2167
2173, 2174
2173, 2175
2173, 2176
2173, 2177
2173, 2178
2173, 2179
2173, 2180
2173, 2181
2173, 2182
2173, 2179
2173, 2183
2173, 2184
2173, 2185
2173, 2186
2186, 2187
2173, 2184
2173, 2185
2173, 2183
2173, 2188
2173, 2189
2173, 2190
2173, 2184
2173, 2185
2173, 2186
2186, 2187
2173, 2184
2173, 2185
2191, 2192
2191, 2193
2191, 2194
2191, 2195
2191, 2196
2191, 2197
2191, 2198
2191, 2199
2191, 2200
2191, 2197
2191, 2201
2191, 2202
2191, 2203
2191, 2204
2204, 2205
2191, 2202
2191, 2203
2191, 2201
2191, 2206
2191, 2207
2191, 2208
2191, 2202
2191, 2203
2191, 2204
2204, 2205
2191, 2202
2191, 2203
2209, 2210
2209, 2211
2209, 2212
2209, 2213
2209, 2214
2209, 2215
2209, 2216
2209, 2217
2209, 2218
2209, 2215
2209, 2219
2209, 2220
2209, 2221
2209, 2219
2222, 2223
2209, 2221
2209, 2219
2209, 2224
2209, 2225
2209, 2221
2209, 2226
2209, 2222
2222, 2223
2209, 2221
2209, 2220
2209, 2226
2222, 2223
2209, 2221
2209, 2226
2209, 2222
2209, 2225
2209, 2221
2209, 2220
2209, 2226
2209, 2224
2209, 2225
2209, 2220
2209, 2226
2209, 2222
2209, 2225
2209, 2221
2209, 2220
2209, 2222
2222, 2223
2209, 2226
2209, 2220
2209, 2226
2209, 2224
2209, 2225
2209, 2221
2209, 2220
2209, 2222
2222, 2223
2209, 2221
2209, 2220
2227, 2228
2227, 2229
2227, 2230
2227, 2231
2227, 2232
2227, 2233
2227, 2234
2227, 2235
2227, 2236
2227, 2233
2227, 2237
2227, 2238
2227, 2239
2227, 2240
2240, 2241
2227, 2238
2227, 2239
2227, 2237
2227, 2242
2227, 2243
2227, 2244
2227, 2238
2227, 2239
2227, 2240
2240, 2241
2227, 2238
2227, 2239
2245, 2246
2245, 2247
2245, 2248
2245, 2249
2245, 2250
2245, 2251
2245, 2252
2245, 2253
2245, 2254
2245, 2251
2245, 2255
2245, 2256
2245, 2257
2245, 2258
2258, 2259
2245, 2256
2245, 2257
2245, 2255
2245, 2260
2245, 2261
2245, 2262
2245, 2256
2245, 2257
2245, 2258
2258, 2259
2245, 2256
2245, 2257
2263, 2264
2263, 2265
2263, 2266
2263, 2267
2263, 2268
2263, 2269
2263, 2270
2263, 2271
2263, 2272
2263, 2269
2263, 2273
2263, 2274
2263, 2275
2263, 2276
2276, 2277
2263, 2274
2263, 2275
2263, 2273
2263, 2278
2263, 2279
2263, 2280
2263, 2274
2263, 2275
2263, 2276
2276, 2277
2263, 2274
2263, 2275
2281, 2282
2281, 2283
2281, 2284
2281, 2285
2281, 2286
2281, 2287
2281, 2288
2281, 2289
2281, 2290
2281, 2287
2281, 2291
2281, 2292
2281, 2293
2281, 2291
2294, 2295
2281, 2293
2281, 2291
2281, 2296
2281, 2297
2281, 2293
2281, 2298
2281, 2294
2294, 2295
2281, 2293
2281, 2292
2281, 2298
2294, 2295
2281, 2293
2281, 2298
2281, 2294
2281, 2297
2281, 2293
2281, 2292
2281, 2298
2281, 2296
2281, 2297
2281, 2292
2281, 2298
2281, 2294
2281, 2297
2281, 2293
2281, 2292
2281, 2294
2294, 2295
2281, 2298
2281, 2292
2281, 2298
2281, 2296
2281, 2297
2281, 2293
2281, 2292
2281, 2294
2294, 2295
2281, 2293
2281, 2292
2299, 2300
2299, 2301
2299, 2302
2299, 2303
2299, 2304
2299, 2305
2299, 2306
2299, 2307
2299, 2308
2299, 2305
2299, 2309
2299, 2310
2299, 2311
2299, 2312
2312, 2313
2299, 2310
2299, 2311
2299, 2309
2299, 2314
2299, 2315
2299, 2316
2299, 2310
2299, 2311
2299, 2312
2312, 2313
2299, 2310
2299, 2311
2317, 2318
2317, 2319
2317, 2320
2317, 2321
2317, 2322
2317, 2323
2317, 2324
2317, 2325
2317, 2326
2317, 2323
2317, 2327
2317, 2328
2317, 2327
2317, 2329
2317, 2330
2317, 2331
2317, 2327
2317, 2330
2317, 2328
2317, 2329
2317, 2330
2317, 2332
2317, 2329
2317, 2333
2333, 2334
2317, 2328
2317, 2330
2317, 2331
2317, 2328
2317, 2329
2317, 2333
2317, 2328
2317, 2329
2317, 2331
2317, 2332
2317, 2328
2317, 2329
2317, 2333
2333, 2334
2317, 2328
2317, 2330
2317, 2332
2317, 2328
2317, 2329
2317, 2332
2317, 2328
2317, 2333
2333, 2334
2317, 2331
2317, 2329
2317, 2328
2317, 2331
2317, 2332
2333, 2334
2317, 2328
2317, 2333
2333, 2334
2317, 2328
2317, 2329
2317, 2330
2317, 2331
2317, 2332
2317, 2328
2317, 2329
2317, 2333
2333, 2334
2317, 2328
2317, 2329
2335, 2336
2335, 2337
2335, 2338
2335, 2339
2335, 2340
2335, 2341
2335, 2342
2335, 2343
2335, 2344
2335, 2341
2335, 2345
2335, 2346
2335, 2347
2335, 2348
2348, 2349
2335, 2346
2335, 2347
2335, 2345
2335, 2350
2335, 2351
2335, 2352
2335, 2346
2335, 2347
2335, 2348
2348, 2349
2335, 2346
2335, 2347
2353, 2354
2353, 2355
2353, 2356
2353, 2357
2353, 2358
2353, 2359
2353, 2360
2353, 2361
2353, 2362
2353, 2359
2353, 2363
2353, 2364
2353, 2365
2353, 2366
2366, 2367
2353, 2364
2353, 2365
2353, 2363
2353, 2368
2353, 2369
2353, 2370
2353, 2364
2353, 2365
2353, 2366
2366, 2367
2353, 2364
2353, 2365
2371, 2372
2371, 2373
2371, 2374
2371, 2375
2371, 2376
2371, 2377
2371, 2378
2371, 2379
2371, 2380
2371, 2377
2371, 2381
2371, 2382
2371, 2383
2371, 2384
2384, 2385
2371, 2382
2371, 2383
2371, 2381
2371, 2386
2371, 2387
2371, 2388
2371, 2382
2371, 2383
2371, 2384
2384, 2385
2371, 2382
2371, 2383
2389, 2390
2389, 2391
2389, 2392
2389, 2393
2389, 2394
2389, 2395
2389, 2396
2389, 2397
2389, 2398
2389, 2395
2389, 2399
2389, 2400
2389, 2401
2389, 2402
2402, 2403
2389, 2400
2389, 2401
2389, 2399
2389, 2404
2389, 2405
2389, 2406
2389, 2400
2389, 2401
2389, 2402
2402, 2403
2389, 2400
2389, 2401
2407, 2408
2407, 2409
2407, 2410
2407, 2411
2407, 2412
2407, 2413
2407, 2414
2407, 2415
2407, 2416
2407, 2413
2407, 2417
2407, 2418
2407, 2419
2407, 2420
2420, 2421
2407, 2418
2407, 2419
2407, 2417
2407, 2422
2407, 2423
2407, 2424
2407, 2418
2407, 2419
2407, 2420
2420, 2421
2407, 2418
2407, 2419
2425, 2426
2425, 2427
2425, 2428
2425, 2429
2425, 2430
2425, 2431
2425, 2432
2425, 2433
2425, 2434
2425, 2431
2425, 2435
2425, 2436
2425, 2437
2425, 2438
2438, 2439
2425, 2436
2425, 2437
2425, 2435
2425, 2440
2425, 2441
2425, 2442
2425, 2436
2425, 2437
2425, 2438
2438, 2439
2425, 2436
2425, 2437
2443, 2444
2443, 2445
2443, 2446
2443, 2447
2443, 2448
2443, 2449
2443, 2450
2443, 2451
2443, 2452
2443, 2449
2443, 2453
2443, 2454
2443, 2455
2443, 2456
2456, 2457
2443, 2454
2443, 2455
2443, 2453
2443, 2458
2443, 2459
2443, 2460
2443, 2454
2443, 2455
2443, 2456
2456, 2457
2443, 2454
2443, 2455
2461, 2462
2461, 2463
2461, 2464
2461, 2465
2461, 2466
2461, 2467
2461, 2468
2461, 2469
2461, 2470
2461, 2471
2461, 2472
2461, 2473
2461, 2474
2461, 2475
2475, 2476
2461, 2473
2461, 2474
2461, 2472
2461, 2477
2461, 2478
2461, 2479
2461, 2473
2461, 2474
2461, 2475
2475, 2476
2461, 2473
2461, 2474
2480, 2481
2480, 2482
2480, 2483
2480, 2484
2480, 2485
2480, 2486
2480, 2487
2480, 2488
2480, 2489
2480, 2486
2480, 2490
2480, 2491
2480, 2492
2480, 2490
2493, 2494
2480, 2492
2480, 2490
2480, 2495
2480, 2496
2480, 2492
2480, 2497
2480, 2493
2493, 2494
2480, 2492
2480, 2491
2480, 2497
2493, 2494
2480, 2492
2480, 2497
2480, 2493
2480, 2496
2480, 2492
2480, 2491
2480, 2497
2480, 2495
2480, 2496
2480, 2491
2480, 2497
2480, 2493
2480, 2496
2480, 2492
2480, 2491
2480, 2493
2493, 2494
2480, 2497
2480, 2491
2480, 2497
2480, 2495
2480, 2496
2480, 2492
2480, 2491
2480, 2493
2493, 2494
2480, 2492
2480, 2491
2498, 2499
2498, 2500
2498, 2501
2498, 2502
2498, 2503
2498, 2504
2498, 2505
2498, 2506
2498, 2507
2498, 2504
2498, 2508
2498, 2509
2498, 2510
2498, 2511
2511, 2512
2498, 2509
2498, 2510
2498, 2508
2498, 2513
2498, 2514
2498, 2515
2498, 2509
2498, 2510
2498, 2511
2511, 2512
2498, 2509
2498, 2510
2516, 2517
2516, 2518
2516, 2519
2516, 2520
2516, 2521
2516, 2522
2516, 2523
2516, 2524
2516, 2525
2516, 2522
2516, 2526
2516, 2527
2516, 2528
2516, 2529
2529, 2530
2516, 2527
2516, 2528
2516, 2526
2516, 2531
2516, 2532
2516, 2533
2516, 2527
2516, 2528
2516, 2529
2529, 2530
2516, 2527
2516, 2528
2534, 2535
2534, 2536
2534, 2537
2534, 2538
2534, 2539
2534, 2540
2534, 2541
2534, 2542
2534, 2543
2534, 2540
2534, 2544
2534, 2545
2534, 2546
2534, 2547
2547, 2548
2534, 2545
2534, 2546
2534, 2544
2534, 2549
2534, 2550
2534, 2551
2534, 2545
2534, 2546
2534, 2547
2547, 2548
2534, 2545
2534, 2546
2552, 2553
2552, 2554
2552, 2555
2552, 2556
2552, 2557
2552, 2558
2552, 2559
2552, 2560
2552, 2561
2552, 2558
2552, 2562
2552, 2563
2552, 2564
2552, 2565
2565, 2566
2552, 2563
2552, 2564
2552, 2562
2552, 2567
2552, 2568
2552, 2569
2552, 2563
2552, 2564
2552, 2565
2565, 2566
2552, 2563
2552, 2564
2570, 2571
2570, 2572
2570, 2573
2570, 2574
2570, 2575
2570, 2576
2570, 2577
2570, 2578
2570, 2579
2570, 2576
2570, 2580
2570, 2581
2570, 2580
2570, 2582
2570, 2583
2570, 2584
2570, 2580
2570, 2583
2570, 2581
2570, 2582
2570, 2583
2570, 2585
2570, 2582
2570, 2586
2586, 2587
2570, 2581
2570, 2583
2570, 2584
2570, 2581
2570, 2582
2570, 2586
2570, 2581
2570, 2582
2570, 2584
2570, 2585
2570, 2581
2570, 2582
2570, 2586
2586, 2587
2570, 2581
2570, 2583
2570, 2585
2570, 2581
2570, 2582
2570, 2585
2570, 2581
2570, 2586
2586, 2587
2570, 2584
2570, 2582
2570, 2581
2570, 2584
2570, 2585
2586, 2587
2570, 2581
2570, 2586
2586, 2587
2570, 2581
2570, 2582
2570, 2583
2570, 2584
2570, 2585
2570, 2581
2570, 2582
2570, 2586
2586, 2587
2570, 2581
2570, 2582
2588, 2589
2588, 2590
2588, 2591
2588, 2592
2588, 2593
2588, 2594
2588, 2595
2588, 2596
2588, 2597
2588, 2594
2588, 2598
2588, 2599
2588, 2600
2588, 2601
2588, 2600
2588, 2598
2588, 2602
2588, 2599
2588, 2600
2588, 2599
2601, 2603
2588, 2599
2588, 2600
2588, 2599
2588, 2604
2588, 2602
2588, 2604
2588, 2605
2588, 2599
2588, 2600
2588, 2602
2601, 2603
2588, 2599
2588, 2600
2588, 2602
2588, 2604
2588, 2605
2588, 2601
2588, 2600
2588, 2601
2601, 2603
2588, 2599
2588, 2604
2588, 2605
2588, 2599
2588, 2600
2588, 2602
2588, 2599
2588, 2605
2588, 2599
2601, 2603
2588, 2601
2601, 2603
2588, 2602
2588, 2604
2588, 2602
2588, 2599
2588, 2605
2588, 2601
2588, 2600
2588, 2602
2588, 2600
2588, 2602
2588, 2604
2588, 2605
2588, 2599
2588, 2600
2588, 2601
2601, 2603
2588, 2599
2588, 2600
2606, 2607
2606, 2608
2606, 2609
2606, 2610
2606, 2611
2606, 2612
2606, 2613
2606, 2614
2606, 2615
2606, 2612
2606, 2616
2606, 2617
2606, 2618
2606, 2619
2619, 2620
2606, 2617
2606, 2618
2606, 2616
2606, 2621
2606, 2622
2606, 2623
2606, 2617
2606, 2618
2606, 2619
2619, 2620
2606, 2617
2606, 2618
2624, 2625
2624, 2626
2624, 2627
2624, 2628
2624, 2629
2624, 2630
2624, 2631
2624, 2632
2624, 2633
2624, 2630
2624, 2634
2624, 2635
2624, 2636
2624, 2637
2637, 2638
2624, 2635
2624, 2636
2624, 2634
2624, 2639
2624, 2640
2624, 2641
2624, 2635
2624, 2636
2624, 2637
2637, 2638
2624, 2635
2624, 2636
2642, 2643
2642, 2644
2642, 2645
2642, 2646
2642, 2647
2642, 2648
2642, 2649
2642, 2650
2642, 2651
2642, 2648
2642, 2652
2642, 2653
2642, 2654
2642, 2655
2655, 2656
2642, 2653
2642, 2654
2642, 2652
2642, 2657
2642, 2658
2642, 2659
2642, 2653
2642, 2654
2642, 2655
2655, 2656
2642, 2653
2642, 2654
2660, 2661
2660, 2662
2660, 2663
2660, 2664
2660, 2665
2660, 2666
2660, 2667
2660, 2668
2660, 2669
2660, 2666
2660, 2670
2660, 2671
2660, 2672
2660, 2673
2673, 2674
2660, 2671
2660, 2672
2660, 2670
2660, 2675
2660, 2676
2660, 2677
2660, 2671
2660, 2672
2660, 2673
2673, 2674
2660, 2671
2660, 2672
2678, 2679
2678, 2680
2678, 2681
2678, 2682
2678, 2683
2678, 2684
2678, 2685
2678, 2686
2678, 2687
2678, 2688
2678, 2689
2678, 2690
2678, 2691
2678, 2692
2692, 2693
2678, 2690
2678, 2691
2678, 2689
2678, 2694
2678, 2695
2678, 2696
2678, 2690
2678, 2691
2678, 2692
2692, 2693
2678, 2690
2678, 2691
2697, 2698
2697, 2699
2697, 2700
2700, 2701
2700, 2702
2700, 2703
2700, 2704
2700, 2705
2700, 2706
2700, 2705
2707, 2708
2707, 2709
2707, 2710
2710, 2711
2710, 2712
2710, 2713
2710, 2714
2710, 2715
2710, 2716
2710, 2715
2717, 2718
2717, 2719
2717, 2720
2720, 2721
2720, 2722
2720, 2723
2720, 2724
2720, 2725
2720, 2726
2720, 2725
2727, 2728
2727, 2729
2727, 2730
2730, 2731
2730, 2732
2730, 2733
2730, 2734
2730, 2735
2730, 2736
2730, 2735
2727, 2737
2727, 2738
2738, 2728
2739, 2740
2739, 2741
2739, 2742
2742, 2743
2742, 2744
2742, 2745
2742, 2746
2742, 2747
2742, 2748
2742, 2747
2749, 2750
2749, 2751
2749, 2752
2752, 2753
2752, 2754
2752, 2755
2752, 2756
2752, 2757
2752, 2758
2752, 2757
2749, 2759
2749, 2760
2760, 2750
2761, 2762
2761, 2763
2761, 2764
2764, 2765
2764, 2766
2764, 2767
2764, 2768
2764, 2769
2764, 2770
2764, 2769
2771, 2772
2771, 2773
2771, 2774
2774, 2775
2774, 2776
2774, 2777
2774, 2778
2774, 2779
2774, 2780
2774, 2779
2781, 2782
2781, 2783
2781, 2784
2784, 2785
2784, 2786
2784, 2787
2784, 2788
2784, 2789
2784, 2790
2784, 2789
2791, 2792
2791, 2793
2791, 2794
2794, 2795
2794, 2796
2794, 2797
2794, 2798
2794, 2799
2794, 2800
2794, 2799
2791, 2801
2791, 2802
2803, 2804
2803, 2805
2803, 2806
2806, 2807
2806, 2808
2806, 2809
2806, 2810
2806, 2811
2806, 2812
2806, 2811
2803, 2813
2803, 2814
2815, 2816
2815, 2817
2815, 2818
2815, 2819
2815, 2820
2815, 2821
2815, 2822
2823, 2824
2823, 2825
2823, 2826
2823, 2827
2823, 2828
2823, 2829
2823, 2830
2831, 2832
2831, 2833
2831, 2834
2831, 2835
2831, 2836
2831, 2837
2831, 2838
2839, 2840
2839, 2841
2839, 2842
2839, 2843
2839, 2844
2839, 2845
2839, 2846
2847, 2848
2847, 2849
2847, 2850
2847, 2851
2847, 2852
2847, 2853
2847, 2854
2855, 2856
2855, 2857
2855, 2858
2855, 2859
2855, 2860
2855, 2861
2855, 2862
2863, 2864
2863, 2865
2863, 2866
2863, 2867
2863, 2868
2863, 2869
2869, 2870
2863, 2871
2871, 2868
2871, 2872
2871, 2873
2873, 2870
2873, 2874
2873, 2875
2873, 2876
2873, 2877
2873, 2878
2873, 2879
2873, 2880
2873, 2881
2882, 2883
2882, 2884
2882, 2885
2882, 2886
2882, 2887
2882, 2888
2888, 2889
2882, 2890
2890, 2887
2890, 2891
2890, 2892
2892, 2889
2892, 2893
2892, 2894
2892, 2895
2892, 2896
2892, 2897
2892, 2898
2892, 2899
2892, 2900
2901, 2902
2901, 2903
2901, 2904
2901, 2905
2901, 2906
2901, 2907
2907, 2908
2901, 2909
2909, 2910
2909, 2911
2909, 2912
2912, 2908
2912, 2913
2912, 2914
2912, 2915
2912, 2916
2912, 2917
2912, 2918
2912, 2919
2912, 2920
2921, 2922
2921, 2923
2921, 2924
2921, 2925
2921, 2926
2921, 2927
2927, 2928
2921, 2929
2929, 2926
2929, 2930
2929, 2931
2931, 2928
2931, 2932
2931, 2933
2931, 2934
2931, 2935
2931, 2936
2931, 2937
2931, 2938
2931, 2939
2940, 2941
2940, 2942
2940, 2943
2940, 2944
2940, 2945
2940, 2946
2946, 2947
2940, 2948
2948, 2949
2948, 2950
2948, 2951
2951, 2947
2951, 2952
2951, 2953
2951, 2954
2951, 2955
2951, 2956
2951, 2957
2951, 2958
2951, 2959
2960, 2961
2960, 2962
2960, 2963
2960, 2964
2960, 2965
2960, 2966
2966, 2967
2960, 2968
2968, 2962
2968, 2969
2968, 2970
2970, 2967
2970, 2971
2970, 2972
2970, 2973
2970, 2974
2970, 2975
2970, 2976
2970, 2977
2970, 2978
2978, 2972
2978, 2979
2980, 2981
2980, 2982
2980, 2983
2980, 2984
2980, 2985
2980, 2986
2986, 2987
2980, 2988
2988, 2985
2988, 2989
2988, 2990
2990, 2987
2990, 2991
2990, 2992
2990, 2993
2990, 2994
2990, 2995
2990, 2996
2990, 2997
2990, 2998
2999, 3000
2999, 3001
2999, 3002
2999, 3003
2999, 3004
2999, 3005
3005, 3006
2999, 3007
3007, 3008
3007, 3009
3007, 3010
3010, 3006
3010, 3011
3010, 3012
3010, 3013
3010, 3014
3010, 3015
3010, 3016
3010, 3017
3010, 3018
3019, 3020
3019, 3021
3019, 3022
3019, 3023
3019, 3024
3019, 3025
3025, 3026
3019, 3027
3027, 3024
3027, 3028
3027, 3029
3029, 3026
3029, 3030
3029, 3031
3029, 3032
3029, 3033
3029, 3034
3029, 3035
3029, 3036
3029, 3037
3038, 3039
3038, 3040
3038, 3041
3038, 3042
3038, 3043
3038, 3044
3044, 3045
3038, 3046
3046, 3043
3046, 3047
3046, 3048
3048, 3045
3048, 3049
3048, 3050
3048, 3051
3048, 3052
3048, 3053
3048, 3054
3048, 3055
3048, 3056
3057, 3058
3057, 3059
3057, 3060
3057, 3061
3057, 3062
3057, 3063
3063, 3064
3057, 3065
3065, 3066
3065, 3067
3065, 3068
3068, 3064
3068, 3069
3068, 3070
3068, 3071
3068, 3072
3068, 3073
3068, 3074
3068, 3075
3068, 3076
3077, 3078
3077, 3079
3077, 3080
3077, 3081
3077, 3082
3077, 3083
3083, 3084
3077, 3085
3085, 3082
3085, 3086
3085, 3087
3087, 3084
3087, 3088
3087, 3089
3087, 3090
3087, 3091
3087, 3092
3087, 3093
3087, 3094
3087, 3095
3096, 3097
3096, 3098
3096, 3099
3096, 3100
3096, 3101
3096, 3102
3102, 3103
3096, 3104
3104, 3101
3104, 3105
3104, 3106
3106, 3103
3106, 3107
3106, 3108
3106, 3109
3106, 3110
3106, 3111
3106, 3112
3106, 3113
3106, 3114
3115, 3116
3115, 3117
3115, 3118
3115, 3119
3115, 3117
3115, 3120
3120, 3121
3115, 3122
3122, 3123
3122, 3124
3122, 3125
3125, 3121
3125, 3126
3125, 3127
3125, 3128
3125, 3129
3125, 3130
3125, 3131
3125, 3132
3125, 3133
3133, 3127
3133, 3134
3135, 3136
3135, 3137
3135, 3138
3135, 3139
3135, 3140
3135, 3141
3141, 3142
3135, 3143
3143, 3144
3143, 3145
3143, 3146
3146, 3142
3146, 3147
3146, 3148
3146, 3149
3146, 3150
3146, 3151
3146, 3152
3146, 3153
3146, 3154
3155, 3156
3155, 3157
3155, 3158
3155, 3159
3155, 3160
3155, 3161
3161, 3162
3155, 3163
3163, 3164
3163, 3165
3163, 3166
3166, 3162
3166, 3167
3166, 3168
3166, 3169
3166, 3170
3166, 3171
3166, 3172
3166, 3173
3166, 3174
3175, 3176
3175, 3177
3175, 3178
3175, 3179
3175, 3180
3175, 3181
3181, 3182
3175, 3183
3183, 3180
3183, 3184
3183, 3185
3185, 3182
3185, 3186
3185, 3187
3185, 3188
3185, 3189
3185, 3190
3185, 3191
3185, 3192
3185, 3193
3194, 3195
3194, 3196
3194, 3197
3194, 3198
3194, 3199
3194, 3200
3200, 3201
3194, 3202
3202, 3199
3202, 3203
3202, 3204
3204, 3201
3204, 3205
3204, 3206
3204, 3207
3204, 3208
3204, 3209
3204, 3210
3204, 3211
3204, 3212
3213, 3214
3213, 3215
3213, 3216
3213, 3217
3213, 3218
3213, 3219
3219, 3220
3213, 3221
3221, 3222
3221, 3223
3221, 3224
3224, 3220
3224, 3225
3224, 3226
3224, 3227
3224, 3228
3224, 3229
3224, 3230
3224, 3231
3224, 3232
3233, 3234
3233, 3235
3233, 3236
3233, 3237
3233, 3238
3233, 3239
3239, 3240
3233, 3241
3241, 3238
3241, 3242
3241, 3243
3243, 3240
3243, 3244
3243, 3245
3243, 3246
3243, 3247
3243, 3248
3243, 3249
3243, 3250
3243, 3251
3252, 3253
3252, 3254
3252, 3255
3252, 3256
3252, 3257
3252, 3258
3258, 3259
3252, 3260
3260, 3261
3260, 3262
3260, 3263
3263, 3259
3263, 3264
3263, 3265
3263, 3266
3263, 3267
3263, 3268
3263, 3269
3263, 3270
3263, 3271
3272, 3273
3272, 3274
3272, 3275
3272, 3276
3272, 3277
3272, 3278
3278, 3279
3272, 3280
3280, 3277
3280, 3281
3280, 3282
3282, 3279
3282, 3283
3282, 3284
3282, 3285
3282, 3286
3282, 3287
3282, 3288
3282, 3289
3282, 3290
3291, 3292
3291, 3293
3291, 3294
3291, 3295
3291, 3296
3291, 3297
3297, 3298
3291, 3299
3299, 3293
3299, 3300
3299, 3301
3301, 3298
3301, 3302
3301, 3303
3301, 3304
3301, 3305
3301, 3306
3301, 3307
3301, 3308
3301, 3309
3309, 3303
3309, 3310
3311, 3312
3311, 3313
3311, 3314
3311, 3315
3311, 3316
3311, 3317
3317, 3318
3311, 3319
3319, 3320
3319, 3321
3319, 3322
3322, 3318
3322, 3323
3322, 3324
3322, 3325
3322, 3326
3322, 3327
3322, 3328
3322, 3329
3322, 3330
