0
1
2
3
0
1
2
3
0
1
2
3
0
1
2
4
0
1
2
3
0
1
2
5
6
7
0
1
2
8
6
7
0
1
2
5
6
7
0
1
2
8
6
7
0
1
2
5
6
7
0
1
2
5
6
7
0
1
9
10
11
12
7
13
2
14
15
16
17
18
19
20
21
8
22
0
1
9
10
11
12
7
13
2
23
15
16
17
18
19
20
21
8
22
24
0
1
9
10
11
12
7
13
2
14
15
16
17
18
19
20
21
8
22
0
1
9
10
11
12
7
13
2
23
15
16
17
18
19
20
21
8
22
0
1
9
10
11
12
7
13
2
23
15
16
17
18
19
20
21
8
22
24
0
1
9
10
11
12
7
13
2
14
15
16
17
18
19
20
21
8
22
0
1
9
10
11
12
7
13
2
23
15
16
17
18
19
20
21
8
22
0
1
9
10
11
12
7
13
2
23
15
16
17
18
19
20
21
8
22
24
0
1
9
10
11
12
7
13
2
23
15
16
17
18
19
20
21
8
22
0
1
9
10
11
12
7
13
2
14
15
16
17
18
19
20
21
8
22
0
1
9
10
2
12
7
13
14
15
16
17
18
19
20
21
8
22
0
1
9
10
11
12
7
13
2
23
15
16
17
18
19
20
21
8
22
0
1
9
10
11
12
7
13
2
23
15
16
17
18
19
20
21
8
22
24
0
1
9
10
11
12
7
13
2
14
15
16
17
18
19
20
21
8
22
0
1
9
10
11
12
7
13
2
23
15
16
17
18
19
20
21
8
22
0
1
9
10
11
12
7
13
2
23
15
16
17
18
19
20
21
8
22
24
0
1
9
10
11
12
7
13
2
14
15
16
17
18
19
20
21
8
22
0
1
9
10
2
12
7
13
14
15
16
17
18
19
20
21
8
22
0
1
25
26
7
2
15
9
10
11
16
17
18
19
20
21
8
22
24
0
1
27
26
7
2
15
11
9
16
17
18
19
20
21
8
22
0
1
27
26
7
2
15
11
9
16
17
18
19
20
21
8
22
0
1
28
26
7
2
15
11
9
16
17
18
19
20
21
8
22
0
1
27
26
7
2
15
11
9
16
17
18
19
20
21
8
22
0
1
11
29
2
14
15
7
9
10
16
17
18
19
20
21
8
22
24
0
1
25
26
7
2
15
9
10
11
16
17
18
19
20
21
8
22
24
0
1
2
15
7
30
31
32
8
33
0
1
2
15
7
30
31
32
34
8
35
33
0
1
2
15
7
30
31
32
34
36
0
1
2
15
7
30
31
32
34
37
0
1
2
15
7
30
31
32
34
38
0
1
2
15
7
30
31
32
8
35
33
0
1
2
15
7
30
31
32
34
36
0
1
2
15
7
30
31
32
34
36
0
1
2
15
7
30
31
32
34
37
0
1
2
15
7
30
31
32
34
8
35
33
0
1
2
15
7
30
31
32
34
39
0
1
2
15
7
30
31
32
34
36
0
1
2
15
7
30
31
32
34
37
0
1
2
15
7
30
31
32
34
37
40
41
8
0
1
2
15
7
30
31
32
34
8
35
33
0
1
2
15
7
30
31
32
34
38
0
1
2
15
7
30
31
32
8
35
33
0
1
2
15
7
30
31
32
34
39
0
1
2
15
7
30
31
32
34
36
0
1
2
15
7
30
31
32
34
37
0
1
2
15
7
30
31
32
34
8
35
33
0
1
2
15
7
30
31
32
34
38
0
1
2
15
7
30
31
32
8
35
33
0
1
2
15
7
30
31
32
8
35
33
0
1
2
15
7
30
31
32
37
0
1
2
15
7
30
31
32
8
33
0
1
42
2
43
12
7
13
15
8
0
1
2
42
43
12
7
13
15
8
0
1
42
2
43
12
7
13
15
8
0
1
42
43
12
7
2
13
15
8
0
1
42
2
43
12
7
13
15
8
0
1
42
2
43
12
7
13
15
8
0
1
42
2
43
12
7
13
15
8
0
1
2
42
43
12
7
13
15
8
0
1
42
2
43
12
7
13
15
8
0
1
2
42
43
12
7
13
15
8
0
1
42
2
43
12
7
13
15
8
0
1
42
2
43
12
7
13
15
8
0
1
42
2
43
12
7
13
15
8
0
1
43
2
42
12
7
13
15
8
0
1
43
42
2
12
7
13
15
8
0
1
2
42
43
12
7
13
15
8
0
1
42
2
43
12
7
13
15
8
0
1
42
43
2
12
7
13
15
8
0
1
42
2
43
12
7
13
15
8
0
1
42
2
43
12
7
13
15
8
0
1
42
2
43
12
7
13
15
8
0
1
42
2
43
12
7
13
15
8
0
1
43
42
2
12
7
13
15
8
0
1
2
42
43
12
7
13
15
8
0
1
9
18
44
14
32
41
45
46
47
37
48
35
49
50
0
1
9
18
44
14
32
41
45
37
48
35
49
50
0
1
9
18
44
14
32
41
45
17
51
37
48
35
49
50
0
1
9
18
44
14
32
41
45
46
47
37
48
35
49
50
0
1
9
18
44
14
32
41
45
37
48
35
49
50
0
1
9
18
44
14
32
41
45
17
51
37
48
35
49
50
0
1
9
18
44
14
32
41
45
46
47
37
48
35
49
50
0
1
9
18
44
14
32
17
51
46
52
47
11
0
1
9
18
44
14
32
41
45
37
0
1
9
18
44
14
32
41
45
17
51
37
0
1
9
18
44
14
32
17
51
46
47
11
0
1
9
18
44
14
32
41
45
11
0
1
9
18
44
14
32
41
45
17
51
11
0
1
9
18
44
14
32
41
45
17
51
37
0
1
9
18
44
14
32
41
45
37
0
1
9
18
44
14
32
41
45
11
0
1
9
18
44
14
32
41
45
46
47
11
0
1
9
18
44
14
32
17
51
46
10
0
1
9
18
44
14
32
41
45
17
51
37
0
1
9
18
44
14
32
17
51
46
52
47
11
0
1
9
18
44
14
32
41
45
37
0
1
9
18
44
14
32
41
45
11
0
1
9
18
44
14
32
41
45
46
47
11
0
1
9
18
44
14
32
41
45
53
54
0
1
9
18
44
14
32
41
45
0
1
9
18
44
14
32
17
51
41
45
11
0
1
9
18
44
14
32
17
51
46
47
11
0
1
9
18
44
14
32
41
45
11
0
1
9
18
44
14
32
41
45
46
47
11
0
1
55
56
57
32
58
59
17
60
44
61
62
63
64
50
65
66
34
36
67
0
1
55
56
57
32
58
44
61
62
63
64
50
65
66
34
36
67
0
1
55
56
57
32
58
59
17
60
44
61
62
63
64
50
65
66
34
36
67
0
1
55
56
57
32
58
44
61
62
63
64
50
65
66
34
36
67
0
1
55
56
57
32
58
59
17
60
44
61
62
63
64
50
65
66
34
36
67
0
1
18
68
69
57
44
32
62
61
70
63
64
50
65
66
34
36
67
0
1
18
68
69
57
44
32
62
61
70
63
64
50
65
66
34
36
67
0
1
18
68
69
57
44
32
62
61
70
63
64
50
65
66
34
36
67
0
1
18
68
69
57
44
32
62
61
70
63
64
50
65
66
34
36
67
0
1
18
68
69
57
44
32
62
61
70
63
64
50
65
66
34
36
67
0
1
18
68
69
57
44
32
62
61
70
63
64
50
65
66
34
36
67
0
1
18
68
69
57
44
32
62
61
70
63
64
50
65
66
34
36
67
0
1
18
68
69
57
44
32
62
61
70
63
64
50
65
66
34
36
67
0
1
18
68
69
57
44
32
62
61
70
63
64
50
65
66
34
36
67
0
1
37
9
71
72
44
54
73
74
32
18
19
20
41
8
75
76
77
78
17
79
80
10
81
82
83
84
85
56
86
87
68
88
89
90
16
91
11
92
50
93
94
95
61
96
97
98
99
100
57
101
102
103
104
105
106
107
108
109
110
111
62
63
64
67
38
112
113
114
115
116
117
118
119
120
121
122
123
124
65
35
125
126
127
128
129
130
131
0
1
37
9
71
72
44
54
73
74
32
18
19
20
41
8
75
76
77
78
17
79
80
10
81
82
83
84
85
56
86
87
68
132
89
90
16
91
11
92
50
93
94
95
61
96
97
98
99
100
57
101
102
103
104
105
106
107
108
109
110
111
62
63
64
67
38
118
114
113
115
116
112
117
121
122
119
120
35
123
65
124
125
127
130
129
128
133
131
0
1
37
9
71
72
44
54
73
74
32
18
19
20
41
8
75
76
77
78
17
79
80
10
81
82
83
84
85
56
86
87
68
132
89
90
16
91
11
92
50
93
94
95
61
96
97
98
99
100
57
101
102
103
104
105
106
107
108
109
110
111
62
63
64
67
38
112
117
118
113
116
114
115
119
121
122
35
123
65
120
124
125
133
127
128
131
129
130
0
1
37
9
71
72
44
54
73
74
32
18
19
20
41
8
75
76
77
78
17
79
80
10
81
82
83
84
85
56
86
87
68
134
89
90
16
91
11
92
50
93
94
95
61
96
97
98
99
100
57
101
102
103
104
105
106
107
108
109
110
111
62
63
64
67
38
113
118
116
115
117
114
112
121
122
123
35
124
119
65
125
2
15
7
135
136
127
131
129
137
128
130
0
1
37
9
71
72
44
54
73
74
32
18
19
20
41
8
75
76
77
78
17
79
80
10
81
82
83
84
85
56
86
87
68
138
89
90
16
91
11
92
50
93
94
95
61
96
97
98
99
100
57
101
102
103
104
105
106
107
108
109
110
111
62
63
64
67
38
112
116
117
118
113
114
115
119
120
121
122
35
123
65
124
125
0
1
37
9
71
72
44
54
73
74
32
18
19
20
41
8
75
76
77
78
17
79
80
10
81
82
83
84
85
56
86
87
68
138
89
90
16
91
11
92
50
93
94
95
61
96
97
98
99
100
57
101
102
103
104
105
106
107
108
109
110
111
62
63
64
67
117
112
118
113
114
115
38
116
121
122
119
120
35
123
65
124
125
0
1
37
9
71
72
44
54
73
74
32
18
19
20
41
8
75
76
77
78
17
79
80
10
81
82
83
84
85
56
86
87
68
132
89
90
16
91
11
92
50
93
94
95
61
96
97
98
99
100
57
101
102
103
104
105
106
107
108
109
110
111
62
63
64
38
117
116
118
113
114
115
112
121
122
119
120
123
65
124
35
125
133
127
128
130
129
131
0
1
37
9
71
72
44
54
73
74
32
18
19
20
41
8
75
76
77
78
17
79
80
10
81
82
83
84
85
56
86
87
68
132
89
90
16
91
11
92
50
93
94
95
61
96
97
98
99
100
57
101
102
103
104
105
106
107
108
109
110
111
62
63
64
38
117
118
113
115
112
114
116
119
120
121
35
123
65
122
124
125
127
129
133
131
128
130
0
1
37
9
71
72
44
54
73
74
32
18
19
20
8
75
76
17
77
78
79
80
10
81
82
83
84
85
56
86
87
68
132
89
90
16
91
11
92
50
93
94
95
61
96
97
98
99
100
57
101
102
103
104
105
106
107
108
109
110
111
62
63
64
67
112
116
38
115
119
121
122
123
120
35
124
65
125
127
131
129
130
128
133
0
1
37
9
71
72
44
54
73
74
32
18
19
20
41
8
75
76
77
78
17
79
80
10
81
82
83
84
85
56
86
87
68
139
89
90
16
91
11
92
50
93
94
95
61
96
97
98
99
100
57
101
102
103
104
105
106
107
108
109
110
111
62
63
64
67
38
112
116
117
118
113
114
115
119
120
121
122
35
123
65
124
125
140
127
128
130
131
129
0
1
37
9
71
72
44
54
73
74
32
18
19
20
41
8
75
76
77
78
17
79
80
10
81
82
83
84
85
56
86
87
68
138
89
90
16
91
11
92
50
93
94
95
61
96
97
98
99
100
57
101
102
103
104
105
106
107
108
109
110
111
62
63
64
67
117
112
118
113
114
115
38
116
121
122
119
120
35
123
65
124
125
0
1
37
9
71
72
44
54
73
74
32
18
19
20
41
8
75
76
77
78
17
79
80
10
81
82
83
84
85
56
86
87
68
132
89
90
16
91
11
92
50
93
94
95
61
96
97
98
99
100
57
101
102
103
104
105
106
107
108
109
110
111
62
63
64
67
38
118
114
113
115
116
112
117
121
122
119
120
35
123
65
124
125
127
130
129
128
133
131
0
1
37
9
71
72
44
54
73
74
32
18
19
20
41
8
75
76
77
78
17
79
80
10
81
82
83
84
85
56
86
87
68
132
89
90
16
91
11
92
50
93
94
95
61
96
97
98
99
100
57
101
102
103
104
105
106
107
108
109
110
111
62
63
64
38
117
116
118
113
114
115
112
121
122
119
120
123
65
124
35
125
133
127
128
130
129
131
0
1
37
9
71
72
44
54
73
74
32
18
19
20
41
8
75
76
77
78
17
79
80
10
81
82
83
84
85
56
86
87
68
132
89
90
16
91
11
92
50
93
94
95
61
96
97
98
99
100
57
101
102
103
104
105
106
107
108
109
110
111
62
63
64
38
117
118
113
115
112
114
116
119
120
121
35
123
65
122
124
125
127
129
133
131
128
130
0
1
37
9
71
72
44
54
73
74
32
18
19
20
8
75
76
17
77
78
79
80
10
81
82
83
84
85
56
86
87
68
132
89
90
16
91
11
92
50
93
94
95
61
96
97
98
99
100
57
101
102
103
104
105
106
107
108
109
110
111
62
63
64
67
112
116
38
115
119
121
122
123
120
35
124
65
125
127
131
129
130
128
133
0
1
37
9
71
72
44
54
73
74
32
18
19
20
41
8
75
76
77
78
17
79
80
10
81
82
83
84
85
56
86
87
68
132
89
90
16
91
11
92
50
93
94
95
61
96
97
98
99
100
57
101
102
103
104
105
106
107
108
109
110
111
62
63
64
67
38
112
117
118
113
116
114
115
119
121
122
35
123
65
120
124
125
133
127
128
131
129
130
0
1
37
9
71
72
44
54
73
74
32
18
19
20
41
8
75
76
77
78
17
79
80
10
81
82
83
84
85
56
86
87
68
88
89
90
16
91
11
92
50
93
94
95
61
96
97
98
99
100
57
101
102
103
104
105
106
107
108
109
110
111
62
63
64
67
38
112
113
114
115
116
117
118
119
120
121
122
123
124
65
35
125
126
127
128
129
130
131
0
1
37
9
71
72
44
54
73
74
32
18
19
20
41
8
75
76
77
78
17
79
80
10
81
82
83
84
85
56
86
87
68
139
89
90
16
91
11
92
50
93
94
95
61
96
97
98
99
100
57
101
102
103
104
105
106
107
108
109
110
111
62
63
64
67
117
114
115
38
113
116
112
118
121
122
123
119
120
35
65
124
125
127
140
128
131
2
130
129
0
1
37
9
71
72
44
54
73
74
32
18
19
20
41
8
75
76
77
78
17
79
80
10
81
82
83
84
85
56
86
87
68
134
89
90
16
91
11
92
50
93
94
95
61
96
97
98
99
100
57
101
102
103
104
105
106
107
108
109
110
111
62
63
64
67
38
113
118
116
115
117
114
112
121
122
123
35
124
119
65
125
2
15
7
135
136
127
131
129
137
128
130
0
1
37
9
71
72
44
54
73
74
32
18
19
20
41
8
75
76
77
78
17
79
80
10
81
82
83
84
85
56
86
87
68
139
89
90
16
91
11
92
50
93
94
95
61
96
97
98
99
100
57
101
102
103
104
105
106
107
108
109
110
111
62
63
64
67
38
112
116
117
118
113
114
115
119
120
121
122
35
123
65
124
125
140
127
128
130
131
129
0
1
37
9
71
72
44
54
73
74
32
18
19
20
41
8
75
76
77
78
17
79
80
10
81
82
83
84
85
56
86
87
68
132
89
90
59
60
16
91
11
92
50
93
94
95
61
96
97
98
99
100
57
101
102
103
104
105
106
107
108
109
110
111
62
63
64
67
118
38
116
114
113
112
117
115
121
35
123
65
124
122
125
127
130
129
128
133
131
0
1
37
9
71
72
44
54
73
74
32
18
19
20
41
8
75
76
77
78
17
79
80
10
81
82
83
84
85
56
86
87
68
138
89
90
16
91
11
92
50
93
94
95
61
96
97
98
99
100
57
101
102
103
104
105
106
107
108
109
110
111
62
63
64
67
117
112
118
113
114
115
38
116
121
122
119
120
35
123
65
124
125
0
1
37
9
71
72
44
54
73
74
32
18
19
20
41
8
75
76
77
78
17
79
80
10
81
82
83
84
85
56
86
87
68
132
89
90
16
91
11
92
50
93
94
95
61
96
97
98
99
100
57
101
102
103
104
105
106
107
108
109
110
111
62
63
64
67
38
118
114
113
115
116
112
117
121
122
119
120
35
123
65
124
125
127
130
129
128
133
131
0
1
37
9
71
72
44
54
73
74
32
18
19
20
41
8
75
76
77
78
17
79
80
10
81
82
83
84
85
56
86
87
68
132
89
90
16
91
11
92
50
93
94
95
61
96
97
98
99
100
57
101
102
103
104
105
106
107
108
109
110
111
62
63
64
38
117
116
118
113
114
115
112
121
122
119
120
123
65
124
35
125
133
127
128
130
129
131
0
1
37
9
71
72
44
54
73
74
32
18
19
20
41
8
75
76
77
78
17
79
80
10
81
82
83
84
85
56
86
87
68
138
89
90
16
91
11
92
50
93
94
95
61
96
97
98
99
100
57
101
102
103
104
105
106
107
108
109
110
111
62
63
64
112
116
114
113
115
117
38
118
121
122
35
124
123
65
119
125
0
1
37
9
71
72
44
54
73
74
32
18
19
20
41
8
75
76
77
78
17
79
80
10
81
82
83
84
85
56
86
87
68
132
89
90
16
91
11
92
50
93
94
95
61
96
97
98
99
100
57
101
102
103
104
105
106
107
108
109
110
111
62
63
64
38
117
118
113
115
112
114
116
119
120
121
35
123
65
122
124
125
127
129
133
131
128
130
0
1
37
9
71
72
44
54
73
74
32
18
19
20
8
75
76
17
77
78
79
80
10
81
82
83
84
85
56
86
87
68
132
89
90
16
91
11
92
50
93
94
95
61
96
97
98
99
100
57
101
102
103
104
105
106
107
108
109
110
111
62
63
64
67
112
116
38
115
119
121
122
123
120
35
124
65
125
127
131
129
130
128
133
0
1
37
9
71
72
44
54
73
74
32
18
19
20
41
8
75
76
77
78
17
79
80
10
81
82
83
84
85
56
86
87
68
141
89
90
16
91
11
92
50
93
94
95
61
96
97
98
99
100
57
101
102
103
104
105
106
107
108
109
110
111
62
63
64
67
38
112
113
114
118
116
117
115
119
120
121
122
124
35
123
65
125
127
129
131
130
142
128
0
1
37
9
71
72
44
54
73
74
32
18
19
20
41
8
75
76
77
78
17
79
80
10
81
82
83
84
85
56
86
87
68
88
89
90
16
91
11
92
50
93
94
95
61
96
97
98
99
100
57
101
102
103
104
105
106
107
108
109
110
111
62
63
64
67
118
117
115
112
38
113
114
116
119
121
122
120
123
65
35
124
125
127
131
129
130
128
126
0
1
37
9
71
72
44
54
73
74
32
18
19
20
41
8
75
76
77
78
17
79
80
10
81
82
83
84
85
56
86
87
68
132
89
90
16
91
11
92
50
93
94
95
61
96
97
98
99
100
57
101
102
103
104
105
106
107
108
109
110
111
62
63
64
67
38
112
117
118
113
116
114
115
119
121
122
35
123
65
120
124
125
133
127
128
131
129
130
0
1
37
9
71
72
44
54
73
74
32
18
19
20
41
8
75
76
77
78
17
79
80
10
81
82
83
84
85
56
86
87
68
88
89
90
16
91
11
92
50
93
94
95
61
96
97
98
99
100
57
101
102
103
104
105
106
107
108
109
110
111
62
63
64
67
38
112
113
114
115
116
117
118
119
120
121
122
123
124
65
35
125
126
127
128
129
130
131
0
1
37
9
71
72
44
54
73
74
32
18
19
20
41
8
75
76
77
78
17
79
80
10
81
82
83
84
85
56
86
87
68
132
89
90
16
91
11
92
50
93
94
95
61
96
97
98
99
100
57
101
102
103
104
105
106
107
108
109
110
111
62
63
64
67
38
112
117
114
116
113
115
118
121
122
119
35
123
65
124
125
133
127
131
129
130
128
0
1
37
9
71
72
44
54
73
74
32
18
19
20
41
8
75
76
77
78
17
79
80
10
81
82
83
84
85
56
86
87
68
88
89
90
16
91
11
92
50
93
94
95
61
96
97
98
99
100
57
101
102
103
104
105
106
107
108
109
110
111
62
63
64
67
112
38
117
116
113
115
114
118
119
121
122
35
120
124
123
65
125
127
126
128
131
130
129
0
1
37
9
71
72
44
54
73
74
32
18
19
20
41
8
75
76
77
78
17
79
80
10
81
82
83
84
85
56
86
87
68
139
89
90
16
91
11
92
50
93
94
95
61
96
97
98
99
100
57
101
102
103
104
105
106
107
108
109
110
111
62
63
64
67
117
114
115
38
113
116
112
118
121
122
123
119
120
35
65
124
125
127
140
128
131
2
130
129
0
1
37
9
71
72
44
54
73
74
32
18
19
20
41
8
75
76
77
78
17
79
80
10
81
82
83
84
85
56
86
87
68
134
89
90
16
91
11
92
50
93
94
95
61
96
97
98
99
100
57
101
102
103
104
105
106
107
108
109
110
111
62
63
64
67
38
113
118
116
115
117
114
112
121
122
123
35
124
119
65
125
2
15
7
135
136
127
131
129
137
128
130
0
1
37
9
71
72
44
54
73
74
32
18
19
20
41
8
75
76
77
78
17
79
80
10
81
82
83
84
85
56
86
87
68
138
89
90
16
91
11
92
50
93
94
95
61
96
97
98
99
100
57
101
102
103
104
105
106
107
108
109
110
111
62
63
64
67
38
112
116
117
118
113
114
115
119
120
121
122
35
123
65
124
125
0
1
37
9
71
72
44
54
73
74
32
18
19
20
41
8
75
76
77
78
17
79
80
10
81
82
83
84
85
56
86
87
68
139
89
90
16
91
11
92
50
93
94
95
61
96
97
98
99
100
57
101
102
103
104
105
106
107
108
109
110
111
62
63
64
67
38
112
116
117
118
113
114
115
119
120
121
122
35
123
65
124
125
140
127
128
130
131
129
0
1
37
9
71
72
44
54
73
74
32
18
19
20
41
8
75
76
77
78
17
79
80
10
81
82
83
84
85
56
86
87
68
132
89
90
16
91
11
92
50
93
94
95
61
96
97
98
99
100
57
101
102
103
104
105
106
107
108
109
110
111
62
63
64
67
38
112
117
118
113
116
114
115
119
121
122
35
123
65
120
124
125
133
127
128
131
129
130
0
1
37
9
71
72
44
54
73
74
32
18
19
20
41
8
75
76
77
17
143
78
79
80
10
81
82
83
84
85
56
86
87
68
132
89
90
16
91
11
92
50
93
94
95
61
96
97
98
99
100
57
101
102
103
104
105
106
107
108
109
110
111
62
63
64
116
38
112
114
115
118
117
113
119
121
122
35
123
65
124
125
127
131
128
133
129
130
0
1
37
9
71
72
44
54
73
74
32
18
19
20
41
8
75
76
77
17
143
78
79
80
10
81
82
83
84
85
56
86
87
68
132
89
90
16
91
11
92
50
93
94
95
61
96
97
98
99
100
57
101
102
103
104
105
106
107
108
109
110
111
62
63
64
116
38
112
114
115
118
117
113
119
121
122
35
123
65
124
125
127
131
128
133
129
130
0
1
37
9
71
72
44
54
73
74
32
18
19
20
41
8
75
76
77
17
143
78
79
80
10
81
82
83
84
85
56
86
87
68
132
89
90
16
91
11
92
50
93
94
95
61
96
97
98
99
100
57
101
102
103
104
105
106
107
108
109
110
111
62
63
64
116
38
112
114
115
118
117
113
119
121
122
35
123
65
124
125
127
131
128
133
129
130
0
1
37
9
71
72
10
44
54
130
16
91
73
74
32
18
19
20
41
8
75
76
77
78
17
79
80
81
82
83
84
85
56
86
87
132
89
90
11
92
68
93
94
95
61
96
97
98
99
57
101
65
144
102
103
104
105
106
107
108
109
110
111
62
100
63
64
67
50
38
116
112
113
117
118
114
115
121
122
124
123
35
125
145
0
1
37
9
71
72
10
44
54
130
16
91
73
74
32
18
19
20
41
8
75
76
77
78
17
79
80
81
82
83
84
85
56
86
87
132
89
90
11
92
68
93
94
95
61
96
97
98
99
57
101
65
144
102
103
104
105
106
107
108
109
110
111
62
100
63
64
67
50
38
117
118
112
116
113
114
115
121
122
35
124
123
125
145
0
1
37
9
71
72
10
44
54
130
16
91
73
74
32
18
19
20
41
8
75
76
77
78
17
79
80
81
82
83
84
85
56
86
87
132
89
90
11
92
68
93
94
95
61
96
97
98
99
57
101
65
144
102
103
104
105
106
107
108
109
110
111
62
100
63
64
67
50
38
116
113
118
117
115
114
112
121
122
123
35
124
125
145
0
1
37
9
71
72
10
44
54
130
16
91
73
74
32
18
19
20
41
8
75
76
77
78
17
79
80
81
82
83
84
85
56
86
87
132
89
90
11
92
68
93
94
95
61
96
97
98
99
57
101
65
144
102
103
104
105
106
107
108
109
110
111
62
100
63
64
67
50
38
116
112
113
117
118
114
115
121
122
124
123
35
125
145
0
1
37
9
71
72
10
44
54
130
16
91
73
74
32
18
19
20
41
8
75
76
77
78
17
79
80
81
82
83
84
85
56
86
87
132
89
90
11
92
68
93
94
95
61
96
97
98
99
57
101
65
144
102
103
104
105
106
107
108
109
110
111
62
100
63
64
67
50
38
117
118
112
116
113
114
115
121
122
35
124
123
125
145
0
1
37
9
71
72
10
44
54
130
16
91
73
74
32
18
19
20
41
8
75
76
77
78
17
79
80
81
82
83
84
85
56
86
87
132
89
90
11
92
68
93
94
95
61
96
97
98
99
57
101
65
144
102
103
104
105
106
107
108
109
110
111
62
100
63
64
67
50
38
116
113
118
117
115
114
112
121
122
123
35
124
125
145
0
1
37
9
71
72
10
44
54
130
16
91
73
74
32
18
19
20
41
8
75
76
77
78
17
79
80
81
82
83
84
85
56
86
87
132
89
90
11
92
68
93
94
95
61
96
97
98
99
57
101
65
144
102
103
104
105
106
107
108
109
110
111
62
100
63
64
67
50
38
116
112
113
117
118
114
115
121
122
124
123
35
125
145
0
1
37
9
71
72
10
44
54
130
16
91
73
74
32
18
19
20
41
8
75
76
77
78
17
79
80
81
82
83
84
85
56
86
87
132
89
90
11
92
68
93
94
95
61
96
97
98
99
57
101
65
144
102
103
104
105
106
107
108
109
110
111
62
100
63
64
67
50
38
117
118
112
116
113
114
115
121
122
35
124
123
125
145
0
1
37
9
71
72
10
44
54
130
16
91
73
74
32
18
19
20
41
8
75
76
77
78
17
79
80
81
82
83
84
85
56
86
87
132
89
90
11
92
68
93
94
95
61
96
97
98
99
57
101
65
144
102
103
104
105
106
107
108
109
110
111
62
100
63
64
67
50
38
117
118
112
116
113
114
115
121
122
35
124
123
125
145
0
1
37
9
71
72
10
44
54
130
73
74
32
18
19
20
41
8
75
76
77
78
17
79
80
81
82
83
84
85
56
86
87
132
89
90
11
92
68
93
94
95
61
96
97
98
99
57
101
65
144
102
103
104
105
106
107
108
109
110
111
62
100
63
64
67
38
113
116
112
117
50
115
114
118
121
122
35
124
123
145
125
0
1
37
9
71
72
10
44
54
130
73
74
32
18
19
20
41
8
75
76
77
78
17
79
80
81
82
83
84
85
56
86
87
132
89
90
11
92
68
93
94
95
61
96
97
98
99
57
101
65
144
102
103
104
105
106
107
108
109
110
111
62
100
63
64
67
38
113
116
112
117
50
115
114
118
121
122
35
124
123
145
125
0
1
37
9
71
72
10
44
54
130
73
74
32
18
19
20
41
8
75
76
77
78
17
79
80
81
82
83
84
85
56
86
87
132
89
90
11
92
68
93
94
95
61
96
97
98
99
57
101
65
144
102
103
104
105
106
107
108
109
110
111
62
100
63
64
67
38
113
116
112
117
50
115
114
118
121
122
35
124
123
145
125
0
1
41
15
7
0
1
146
15
7
0
1
78
15
7
0
1
76
15
7
0
1
76
15
7
0
1
17
15
7
0
1
44
15
7
0
1
4
15
7
0
1
34
15
7
0
1
41
15
7
0
1
4
15
7
0
1
146
15
7
0
1
76
15
7
0
1
41
15
7
0
1
4
15
7
0
1
146
15
7
0
1
17
15
7
0
1
78
15
7
0
1
147
15
7
0
1
4
15
7
0
1
76
15
7
0
1
146
15
7
0
1
41
15
7
0
1
17
15
7
0
1
78
15
7
0
1
76
15
7
0
1
4
15
7
0
1
76
15
7
0
1
34
15
7
0
1
146
15
7
0
1
41
15
7
0
1
44
15
7
0
1
20
15
7
0
1
76
15
7
0
1
148
2
15
7
37
149
83
44
150
151
152
14
9
46
17
84
95
10
18
19
54
68
153
65
21
8
154
155
77
156
157
158
108
96
61
159
118
160
114
32
62
93
124
161
162
163
47
164
104
102
105
165
166
167
117
113
116
168
112
38
115
50
75
169
121
170
171
172
173
0
1
148
2
15
7
37
149
83
44
150
151
152
14
9
46
17
84
95
10
18
19
54
68
153
65
21
8
154
155
77
156
157
158
108
96
61
159
118
160
114
32
62
93
124
161
162
163
47
164
104
102
105
165
166
167
117
113
116
168
112
38
115
50
75
169
121
170
171
172
173
0
1
148
2
15
7
37
149
83
44
150
151
152
14
9
46
17
84
95
10
18
19
54
68
153
65
21
8
154
155
77
156
157
158
108
96
61
159
118
160
114
32
62
93
124
161
162
163
47
164
104
102
105
165
166
167
117
113
116
168
112
38
115
50
75
169
121
170
171
172
173
0
1
148
2
15
7
37
149
83
44
150
151
152
14
9
46
17
84
95
10
18
19
54
68
153
65
21
8
154
155
77
156
157
158
108
96
61
159
118
160
114
32
62
93
124
161
162
163
47
164
104
102
105
165
166
167
117
113
116
168
112
38
115
50
75
169
121
170
171
173
0
1
148
2
15
7
37
149
83
44
150
151
152
14
9
46
17
84
95
10
18
19
54
68
153
65
21
8
154
155
77
156
157
158
108
96
61
159
118
160
114
32
62
93
124
161
162
163
47
164
104
102
105
165
166
167
117
113
116
168
112
38
115
50
75
169
121
170
171
172
173
0
1
148
2
15
7
37
149
83
44
150
151
152
14
9
46
17
84
95
10
18
19
54
68
153
65
21
8
154
155
77
156
157
158
108
96
61
159
118
160
114
32
62
93
124
161
162
163
47
164
104
102
105
165
166
167
117
113
116
168
112
38
115
50
75
169
121
170
171
172
173
0
1
148
2
15
7
37
149
83
44
150
151
152
14
9
46
17
84
95
10
18
19
54
68
153
65
21
8
154
155
77
156
157
158
108
96
61
159
118
160
114
32
62
93
124
161
162
163
47
164
104
102
105
165
166
167
117
113
116
168
112
38
115
50
75
169
121
170
171
173
172
0
1
148
2
15
7
37
149
83
44
150
151
152
14
9
46
17
84
95
10
18
19
54
68
153
65
21
8
154
155
77
156
157
158
108
96
61
159
118
160
114
32
62
93
124
161
162
163
47
164
104
102
105
165
166
167
117
113
116
168
112
38
115
50
75
169
121
170
171
173
172
0
1
148
2
15
7
37
149
83
44
150
151
152
14
9
46
17
84
95
10
18
19
54
68
153
65
21
8
154
155
77
156
157
158
108
96
61
159
118
160
114
32
62
93
124
161
162
163
47
164
104
102
105
165
166
167
117
113
116
168
112
38
115
50
75
169
121
170
171
173
172
0
1
148
2
15
7
37
149
83
44
150
151
152
14
9
46
17
84
95
10
18
19
54
68
153
65
21
8
154
155
77
156
157
158
108
96
61
159
118
160
114
32
62
93
124
161
162
163
47
164
104
102
105
165
166
167
117
113
116
168
112
38
115
50
75
169
121
170
171
173
172
0
1
148
2
15
7
37
149
83
44
150
151
152
14
9
46
17
84
95
10
18
19
54
68
153
65
21
8
154
155
77
156
157
158
108
96
61
159
118
160
114
32
62
93
124
161
162
163
47
164
104
102
105
165
166
167
117
113
116
168
112
38
115
50
75
169
121
170
171
173
0
1
148
2
15
7
37
149
83
44
150
151
152
14
9
46
17
84
95
10
18
19
54
68
153
65
21
8
154
155
77
156
157
158
108
96
61
159
118
160
114
32
62
93
124
161
162
163
47
164
104
102
105
165
166
167
117
113
116
168
112
38
115
50
75
169
121
170
171
172
173
0
1
148
2
15
7
37
149
83
44
150
151
152
14
9
46
17
84
95
10
18
19
54
68
153
65
21
8
154
155
77
156
157
158
108
96
61
159
118
160
114
32
62
93
124
161
162
163
47
164
104
102
105
165
166
167
117
113
116
168
112
38
115
50
75
169
121
170
171
172
173
0
1
148
2
15
7
37
149
83
44
150
151
152
14
9
46
17
84
95
10
18
19
54
68
153
65
21
8
154
155
77
156
157
158
108
96
61
159
118
160
114
32
62
93
124
161
162
163
47
164
104
102
105
165
166
167
117
113
116
168
112
38
115
50
75
169
121
170
171
172
173
0
1
148
2
15
7
37
149
83
44
150
151
152
14
9
46
17
84
95
10
18
19
54
68
153
65
21
8
154
155
77
156
157
158
108
96
61
159
118
160
114
32
62
93
124
161
162
163
47
164
104
102
105
165
166
167
117
113
116
168
112
38
115
50
75
169
121
170
171
173
172
0
1
148
2
15
7
37
149
83
44
150
151
152
14
9
46
17
84
95
10
18
19
54
68
153
65
21
8
154
155
77
156
157
158
108
96
61
159
118
160
114
32
62
93
124
161
162
163
47
164
104
102
105
165
166
167
117
113
116
168
112
38
115
50
75
169
121
170
171
173
172
0
1
148
2
15
7
37
149
83
44
150
151
152
14
9
46
17
84
95
10
18
19
54
68
153
65
21
8
154
155
77
156
157
158
108
96
61
159
118
160
114
32
62
93
124
161
162
163
47
164
104
102
105
165
166
167
117
113
116
168
112
38
115
50
75
169
121
170
171
172
173
0
1
148
2
15
7
37
149
83
44
150
151
152
14
9
46
17
84
95
10
18
19
54
68
153
65
21
8
154
155
77
156
157
158
108
96
61
159
118
160
114
32
62
93
124
161
162
163
47
164
104
102
105
165
166
167
117
113
116
168
112
38
115
50
75
169
121
170
171
172
173
0
1
148
2
15
7
37
149
83
44
150
151
152
14
9
46
17
84
95
10
18
19
54
68
153
65
21
8
154
155
77
156
157
158
108
96
61
159
118
160
114
32
62
93
124
161
162
163
47
164
104
102
105
165
166
167
117
113
116
168
112
38
115
50
75
169
121
170
171
172
173
0
1
148
2
15
7
37
149
83
44
150
151
152
14
9
46
17
84
95
10
18
19
54
68
153
65
21
8
154
155
77
156
157
158
108
96
61
159
118
160
114
32
62
93
124
161
162
163
47
164
104
102
105
165
166
167
117
113
116
168
112
38
115
50
75
169
121
170
171
173
0
1
148
2
15
7
37
149
83
44
150
151
152
14
9
46
17
84
95
10
18
19
54
68
153
65
21
8
154
155
77
156
157
158
108
96
61
159
118
160
114
32
62
93
124
161
162
163
47
164
104
102
105
165
166
167
117
113
116
168
112
38
115
50
75
169
121
170
171
173
172
0
1
148
2
15
7
37
149
83
44
150
151
152
14
9
46
17
84
95
10
18
19
54
68
153
65
21
8
154
155
77
156
157
158
108
96
61
159
118
160
114
32
62
93
124
161
162
163
47
164
104
102
105
165
166
167
117
113
116
168
112
38
115
50
75
169
121
170
171
172
173
0
1
148
2
15
7
37
149
83
44
150
151
152
14
9
46
17
84
95
10
18
19
54
68
153
65
21
8
154
155
77
156
157
158
108
96
61
159
118
160
114
32
62
93
124
161
162
163
47
164
104
102
105
165
166
167
117
113
116
168
112
38
115
50
75
169
121
170
171
172
173
0
1
148
2
15
7
37
149
83
44
150
151
152
14
9
46
17
84
95
10
18
19
54
68
153
65
21
8
154
155
77
156
157
158
108
96
61
159
118
160
114
32
62
93
124
161
162
163
47
164
104
102
105
165
166
167
117
113
116
168
112
38
115
50
75
169
121
170
171
172
173
0
1
148
2
15
7
37
149
83
44
150
151
152
14
9
46
17
84
95
10
18
19
54
68
153
65
21
8
154
155
77
156
157
158
108
96
61
159
118
160
114
32
62
93
124
161
162
163
47
164
104
102
105
165
166
167
117
113
116
168
112
38
115
50
75
169
121
170
171
0
1
148
2
15
7
37
149
83
44
150
151
152
14
9
46
17
84
95
10
18
19
54
68
153
65
21
8
154
155
77
156
157
158
108
96
61
159
118
160
114
32
62
93
124
161
162
163
47
164
104
102
105
165
166
167
117
113
116
168
112
38
115
50
75
169
121
170
171
172
173
0
1
148
2
15
7
37
149
83
44
150
151
152
14
9
46
17
84
95
10
18
19
54
68
153
65
21
8
154
155
77
156
157
158
108
96
61
159
118
160
114
32
62
93
124
161
162
163
47
164
104
102
105
165
166
167
117
113
116
168
112
38
115
50
75
169
121
170
171
173
172
0
1
148
2
15
7
37
149
83
44
150
151
152
14
9
46
17
84
95
10
18
19
54
68
153
65
21
8
154
155
77
156
157
158
108
96
61
159
118
160
114
32
62
93
124
161
162
163
47
164
104
102
105
165
166
167
117
113
116
168
112
38
115
50
75
169
121
170
171
173
172
0
1
148
2
15
7
37
149
83
44
150
151
152
14
9
46
17
84
95
10
18
19
54
68
153
65
21
8
154
155
77
156
157
158
108
96
61
159
118
160
114
32
62
93
124
161
162
163
47
164
104
102
105
165
166
167
117
113
116
168
112
38
115
50
75
169
121
170
171
172
173
0
1
148
2
15
7
37
149
83
44
150
151
152
14
9
76
93
96
17
24
174
0
1
148
2
15
7
37
149
83
44
150
151
152
14
9
76
93
96
17
24
174
0
1
148
2
15
7
37
149
83
44
150
151
152
14
41
175
0
1
148
2
15
7
37
149
83
44
150
151
152
14
9
76
93
96
17
24
174
0
1
148
2
15
7
37
149
83
44
150
151
152
14
0
1
148
2
15
7
37
149
83
44
150
151
152
14
176
78
17
177
4
0
1
148
2
15
7
37
149
83
44
150
151
152
14
9
76
93
96
17
24
174
0
1
9
95
11
18
17
178
179
82
156
35
135
180
8
37
21
0
1
9
95
11
18
17
178
179
82
156
35
135
180
8
37
21
0
1
9
95
11
18
17
178
179
82
156
35
135
180
8
37
21
0
1
9
95
11
18
17
178
179
82
156
35
135
180
8
37
21
0
1
18
9
95
11
178
179
82
35
17
135
156
180
8
37
21
0
1
9
95
11
18
17
178
179
82
156
35
135
180
8
37
21
0
1
9
10
150
65
78
68
54
96
44
181
37
16
175
130
131
182
82
153
17
24
183
50
184
167
38
90
118
113
185
116
117
114
32
186
124
187
112
105
188
189
109
190
14
191
2
0
1
9
10
150
65
78
68
54
96
44
181
37
16
175
130
131
182
82
153
17
24
183
50
184
167
38
90
118
113
185
116
117
114
32
186
124
187
112
105
188
189
109
190
14
191
2
0
1
2
15
7
10
9
78
68
54
96
44
181
37
16
175
130
131
192
82
150
153
17
24
32
189
83
193
194
195
196
197
60
53
184
63
64
50
38
67
90
117
118
113
114
198
105
116
124
199
163
200
112
109
0
1
9
10
150
65
78
68
54
96
44
181
37
16
175
130
131
182
82
153
17
24
183
50
184
167
38
90
118
113
185
116
117
114
32
186
124
187
112
105
188
189
109
190
14
191
2
0
1
2
15
7
10
9
78
68
54
96
44
181
37
16
175
130
131
192
82
150
153
17
24
32
189
83
193
194
195
196
197
60
53
184
63
64
50
38
67
90
117
118
113
114
198
105
116
124
199
163
200
112
109
0
1
46
8
20
95
10
2
201
202
65
86
0
1
46
8
20
95
10
2
203
204
65
86
0
1
46
8
20
95
10
2
205
206
65
86
0
1
46
8
20
95
10
2
207
208
65
86
0
1
46
8
20
95
10
2
209
210
65
86
0
1
46
8
20
95
10
2
211
212
65
86
0
1
46
8
20
95
10
2
213
214
65
86
0
1
46
8
20
95
10
2
215
216
65
86
0
1
46
8
20
95
10
2
217
218
65
86
0
1
46
8
20
95
10
2
219
220
65
86
39
0
1
46
8
20
95
10
2
221
222
65
86
39
0
1
46
8
20
95
10
2
223
224
65
86
0
1
46
8
20
95
10
2
225
226
65
86
39
0
1
46
8
20
95
10
2
227
228
65
86
0
1
46
8
20
95
10
2
229
230
65
86
0
1
46
8
20
95
10
2
231
232
65
86
0
1
46
8
20
95
10
2
233
234
65
86
39
0
1
46
8
20
95
10
2
235
236
65
86
39
0
1
46
8
20
95
10
2
237
238
65
86
39
0
1
46
8
20
95
10
2
239
240
65
86
39
0
1
46
8
20
95
10
2
221
222
65
86
39
0
1
46
8
20
95
10
2
241
242
65
86
0
1
46
8
20
95
10
2
243
244
65
86
0
1
46
8
20
95
10
2
245
246
65
86
39
0
1
46
8
20
95
10
2
225
226
65
86
39
0
1
46
8
20
95
10
2
247
248
65
86
0
1
46
8
20
95
10
2
249
250
65
86
0
1
46
8
20
95
10
2
251
252
65
86
39
0
1
46
8
20
95
10
2
253
254
65
86
0
1
46
8
20
95
10
2
255
256
65
86
0
1
46
8
20
95
10
2
257
258
65
86
0
1
46
8
20
95
10
2
259
260
65
86
39
0
1
76
261
7
0
1
76
261
7
0
1
76
261
7
0
1
76
261
7
0
1
76
261
7
0
1
76
261
7
0
1
76
261
7
0
1
76
261
7
0
1
39
18
37
262
263
46
17
20
2
15
7
264
265
156
266
267
65
268
269
12
270
271
21
42
36
4
84
272
44
0
1
39
18
37
273
46
17
20
2
15
7
264
265
156
266
274
65
262
268
269
12
275
276
21
42
36
4
84
277
44
0
1
39
18
37
262
278
46
17
20
2
15
7
264
265
156
266
279
65
268
269
12
280
281
21
42
36
4
84
282
44
0
1
39
18
37
283
46
17
20
2
15
7
264
265
156
266
262
284
65
268
269
12
285
286
21
42
36
14
13
9
0
1
39
18
37
287
46
17
20
2
15
7
264
265
156
266
288
262
65
268
269
12
289
290
21
42
36
4
84
14
13
291
147
0
1
39
18
37
292
46
17
20
2
15
7
264
265
156
266
293
65
262
268
269
12
294
295
21
42
36
4
84
14
13
9
296
0
1
9
39
18
37
297
46
17
20
2
15
7
264
265
156
266
298
262
65
268
269
12
299
300
21
42
36
4
84
14
13
296
0
1
301
2
14
65
302
42
15
7
9
303
304
46
17
66
44
4
156
305
12
306
13
268
0
1
307
2
14
65
302
42
15
7
9
308
304
46
17
66
44
4
156
309
12
13
268
310
0
1
311
2
14
65
302
42
15
7
9
312
304
46
17
66
44
4
156
313
12
13
314
268
0
1
315
2
14
65
302
42
15
7
9
316
304
46
17
66
44
4
156
317
12
13
318
268
0
1
319
2
14
65
302
42
15
7
9
320
304
46
17
66
44
4
156
321
12
13
322
268
0
1
323
2
14
65
302
42
15
7
9
324
304
46
17
66
44
4
156
325
12
326
13
268
0
1
327
2
14
65
302
42
15
7
9
328
304
46
17
66
44
4
156
329
12
13
268
330
0
1
331
2
14
65
302
42
15
7
9
332
304
46
17
66
44
4
156
333
12
13
268
334
0
1
335
2
14
65
302
42
15
7
9
336
304
46
17
66
44
4
156
337
12
13
338
268
0
1
339
2
14
65
302
42
15
7
9
340
304
46
17
66
44
4
156
341
12
13
342
268
0
1
343
2
14
65
302
42
15
7
9
344
304
46
17
66
44
4
156
345
12
13
346
268
0
1
347
2
14
65
302
42
15
7
9
348
304
46
17
66
44
4
156
349
12
13
350
268
0
1
351
2
14
65
302
42
15
7
9
352
304
46
17
66
44
4
156
353
12
13
354
268
0
1
355
2
14
65
302
42
15
7
9
356
304
46
17
66
44
4
156
357
12
13
358
268
0
1
359
2
14
65
302
42
15
7
9
360
304
46
17
66
44
4
156
361
12
13
362
268
0
1
363
2
14
65
302
42
15
7
9
364
304
46
17
66
44
4
156
365
12
13
268
366
0
1
367
2
14
65
302
42
15
7
9
368
304
46
17
66
44
4
156
369
12
370
13
268
0
1
371
2
14
65
302
42
15
7
9
372
304
46
17
66
44
4
156
373
12
13
374
268
0
1
375
2
14
65
302
42
15
7
9
376
304
46
17
66
44
4
156
377
12
378
13
268
0
1
379
2
14
65
302
42
15
7
9
380
304
46
17
66
44
4
156
381
12
13
268
382
0
1
383
2
14
65
302
42
15
7
9
384
304
46
17
66
44
4
156
385
12
13
386
268
0
1
387
2
14
65
302
42
15
7
9
388
304
46
17
66
44
4
156
389
12
13
390
268
0
1
391
2
14
65
302
42
15
7
9
392
304
46
17
66
44
4
156
393
12
13
394
268
0
1
395
2
14
65
302
42
15
7
9
396
304
46
17
66
44
4
156
397
12
13
268
398
0
1
399
2
14
65
302
42
15
7
9
400
304
46
17
66
44
4
156
401
12
13
402
268
0
1
403
2
14
65
302
42
15
7
9
404
304
46
17
66
44
4
156
405
12
13
406
268
0
1
407
2
14
65
302
42
15
7
9
408
304
46
17
66
44
4
156
409
12
13
410
268
0
1
411
2
14
65
302
42
15
7
9
412
304
46
17
66
44
4
156
413
12
13
414
268
0
1
415
2
14
65
302
42
15
7
9
416
304
46
17
66
44
4
156
417
12
13
418
268
0
1
419
2
14
65
302
42
15
7
9
420
304
46
17
66
44
4
156
421
12
422
13
268
0
1
423
2
14
65
302
42
15
7
9
424
304
46
17
66
44
4
156
425
12
13
426
268
0
1
427
2
14
65
302
42
15
7
9
428
304
46
17
66
44
4
156
429
12
13
430
268
0
1
431
2
14
65
302
42
15
7
9
432
304
46
17
66
44
4
156
433
12
434
13
268
0
1
435
2
14
65
302
42
15
7
9
436
304
46
17
66
44
4
156
437
12
438
13
268
0
1
439
2
14
65
302
42
15
7
9
440
304
46
17
66
44
4
156
441
12
13
442
268
0
1
443
2
14
65
302
42
15
7
9
444
304
46
17
66
44
4
156
445
12
13
446
268
0
1
447
2
14
65
302
42
15
7
9
448
304
46
17
66
44
4
156
449
12
13
268
450
0
1
451
2
14
65
302
42
15
7
9
452
304
46
17
66
44
4
156
453
12
13
454
268
0
1
455
2
14
65
302
42
15
7
9
456
304
46
17
66
44
4
156
457
12
13
458
268
0
1
459
2
14
65
302
42
15
7
9
460
304
46
17
66
44
4
156
461
12
13
462
268
0
1
463
2
14
65
302
42
15
7
9
464
304
46
17
66
44
4
156
465
12
13
466
268
0
1
467
2
14
65
302
42
15
7
9
468
304
46
17
66
44
4
156
469
12
13
268
470
0
1
471
2
14
65
302
42
15
7
9
472
304
46
17
66
44
4
156
473
12
13
474
268
0
1
475
2
14
65
302
42
15
7
9
476
304
46
17
66
44
4
156
477
12
13
478
268
0
1
479
2
14
65
302
42
15
7
9
480
304
46
17
66
44
4
156
481
12
482
13
268
0
1
483
2
14
65
302
42
15
7
9
484
304
46
17
66
44
4
156
485
12
486
13
268
0
1
487
2
14
65
302
42
15
7
9
488
304
46
17
66
44
4
156
489
12
490
13
268
0
1
491
2
14
65
302
42
15
7
9
492
304
46
17
66
44
4
156
493
12
13
494
268
0
1
495
2
14
65
302
42
15
7
9
496
304
46
17
66
44
4
156
497
12
498
13
268
0
1
499
2
14
65
302
42
15
7
9
500
304
46
17
66
44
4
156
501
12
13
502
268
0
1
503
2
14
65
302
42
15
7
9
504
304
46
17
66
44
4
156
505
12
13
506
268
0
1
507
2
14
65
302
42
15
7
9
508
304
46
17
66
44
4
156
509
12
510
13
268
0
1
511
2
14
65
302
42
15
7
9
512
304
46
17
66
44
4
156
513
12
13
268
514
0
1
515
2
14
65
302
42
15
7
9
516
304
46
17
66
44
4
156
517
12
13
518
268
0
1
519
2
14
65
302
42
15
7
9
520
304
46
17
66
44
4
156
521
12
13
268
522
0
1
523
2
14
65
302
42
15
7
9
524
304
46
17
66
44
4
156
525
12
13
268
526
0
1
527
2
14
65
302
42
15
7
9
528
304
46
17
66
44
4
156
529
12
13
268
530
0
1
531
2
14
65
302
42
15
7
9
532
304
46
17
66
44
4
156
533
12
13
268
534
0
1
535
2
14
65
302
42
15
7
9
536
304
46
17
66
44
4
156
537
12
538
13
268
0
1
539
2
14
65
302
42
15
7
37
9
540
304
46
17
66
44
4
156
541
12
542
13
0
1
543
2
14
65
302
42
15
7
37
9
544
304
46
17
66
44
4
156
545
12
13
0
1
546
2
14
65
302
42
15
7
37
9
547
304
46
17
66
44
4
156
548
0
1
549
2
14
65
302
42
15
7
37
9
550
304
46
17
66
44
4
156
551
12
13
552
0
1
553
2
14
65
302
42
15
7
37
9
554
304
46
17
66
44
4
156
555
12
556
13
0
1
557
2
14
65
302
42
15
7
37
9
558
304
46
17
66
44
4
156
559
0
1
560
2
14
65
302
42
15
7
37
9
561
304
46
17
66
44
4
156
562
0
1
563
2
14
65
302
42
15
7
37
9
564
304
46
17
66
44
4
156
565
0
1
566
2
14
65
302
42
15
7
37
9
567
304
46
17
66
44
4
156
568
0
1
569
2
14
65
302
42
15
7
37
9
570
304
46
17
66
44
4
156
571
0
1
572
2
14
65
302
42
15
7
37
9
573
304
46
17
66
44
4
156
574
0
1
575
2
14
65
302
42
15
7
37
9
576
304
46
17
66
44
4
156
577
0
1
578
2
14
65
302
42
15
7
37
9
579
304
46
17
66
44
4
156
580
12
581
13
0
1
582
2
14
65
302
42
15
7
37
9
583
304
46
17
66
44
4
156
584
0
1
585
2
14
65
302
42
15
7
37
9
586
304
46
17
66
44
4
156
587
0
1
588
2
14
65
302
42
15
7
37
9
589
304
46
17
66
44
4
156
590
12
13
591
0
1
592
2
14
65
302
42
15
7
37
9
593
304
46
17
66
44
4
156
594
12
595
13
0
1
10
9
40
107
596
163
108
54
68
37
181
16
175
130
131
159
118
160
114
19
96
17
24
124
153
82
32
167
50
102
104
597
105
35
38
112
109
0
1
10
9
40
107
596
163
108
54
68
37
181
16
175
130
131
159
118
160
114
19
96
17
24
124
153
82
32
167
50
102
104
597
105
35
38
112
109
0
1
10
9
40
107
596
163
108
54
68
37
181
16
175
130
131
159
118
160
114
19
96
17
24
124
153
82
32
167
50
102
104
597
105
35
38
112
109
0
1
10
9
40
107
596
163
108
54
68
37
181
16
175
130
131
159
118
160
114
19
96
17
24
124
153
82
32
167
50
102
104
597
105
35
38
112
109
0
1
10
9
40
107
596
163
108
54
68
37
181
16
175
130
131
159
118
160
114
19
96
17
24
124
153
82
32
167
50
102
104
597
105
35
109
38
112
0
1
10
9
40
107
596
163
108
54
68
37
181
16
175
130
131
159
118
160
114
19
96
17
24
124
153
82
32
167
50
102
104
597
105
35
38
112
109
0
1
10
9
40
107
596
163
108
54
68
37
181
16
175
130
131
159
118
160
114
19
96
17
24
124
153
82
32
167
50
102
104
597
105
35
38
112
109
0
1
10
9
40
107
596
163
108
54
68
37
181
16
175
130
131
159
118
160
114
19
96
17
24
124
153
82
32
167
50
102
104
597
105
35
38
112
109
0
1
598
42
12
7
2
14
15
21
0
1
598
42
12
7
2
14
15
21
0
1
599
42
12
7
2
14
15
21
0
1
598
42
12
7
2
14
15
21
0
1
598
42
12
7
2
14
15
21
0
1
4
44
82
14
15
7
0
1
4
44
82
14
15
7
39
0
1
4
44
82
14
15
7
37
0
1
4
44
82
14
15
7
39
0
1
4
44
82
14
15
7
37
0
1
4
44
82
14
15
7
0
1
9
16
74
32
37
68
80
153
17
600
19
8
30
148
601
602
603
604
35
82
605
62
83
606
50
607
44
608
609
610
611
612
613
61
614
87
63
64
615
616
124
116
105
617
67
112
618
58
118
619
0
1
9
16
74
32
37
68
80
153
17
600
19
8
30
148
601
602
603
604
35
82
605
62
83
606
50
607
44
608
609
610
611
612
613
61
614
87
63
64
615
616
124
116
105
617
67
112
618
620
58
619
118
0
1
9
16
74
32
37
68
80
153
17
600
19
8
30
148
601
602
603
604
35
82
605
62
83
606
50
607
44
608
609
610
611
612
613
61
614
87
63
64
615
616
124
116
105
617
67
112
618
58
118
619
0
1
9
16
74
32
37
68
80
153
17
600
19
8
30
148
601
602
603
604
35
82
605
62
83
606
50
607
44
608
609
610
611
612
613
61
614
87
63
64
615
616
124
116
105
617
67
112
618
620
58
619
118
0
1
9
16
74
32
37
68
80
153
17
600
19
8
30
148
601
602
603
604
35
82
605
62
83
606
50
607
44
608
609
610
611
612
613
61
614
87
63
64
615
616
124
116
105
617
112
618
620
58
118
0
1
9
16
74
32
37
68
80
153
17
600
19
8
30
148
601
602
603
604
35
82
605
62
83
606
50
607
44
608
609
610
611
612
613
61
614
87
63
64
615
616
124
116
105
617
112
618
67
620
58
118
619
0
1
9
16
74
32
37
68
80
153
17
600
19
8
30
148
601
602
603
604
35
82
605
62
83
606
50
607
44
608
609
610
611
612
613
61
614
87
63
64
615
616
124
116
105
617
67
112
618
58
118
619
0
1
9
16
74
32
37
68
80
153
17
600
19
8
30
148
601
602
603
604
35
82
605
62
83
606
50
607
44
608
609
610
611
612
613
61
614
87
63
64
615
616
124
116
105
617
112
67
618
620
58
619
118
0
1
9
16
74
32
37
68
80
153
17
600
19
8
30
148
601
602
603
604
35
82
605
62
83
606
50
607
44
608
609
610
611
612
613
61
614
87
63
64
615
616
124
116
105
617
67
112
618
620
58
619
118
0
1
10
95
37
12
7
13
621
2
14
15
46
44
622
83
17
84
18
623
150
82
624
71
9
72
8
54
625
153
65
626
102
154
627
628
629
177
158
108
172
68
159
118
160
114
32
62
630
50
631
632
87
633
77
634
635
57
101
96
93
124
636
148
157
637
163
638
19
639
78
640
641
100
642
0
1
10
95
37
12
7
13
643
2
14
15
46
44
622
83
17
84
18
623
150
82
624
71
9
72
8
54
153
65
626
102
154
627
628
644
177
158
108
172
68
159
118
160
114
32
62
630
50
631
645
632
87
633
77
156
634
635
57
101
96
93
124
636
148
157
637
163
638
19
639
78
640
641
100
642
0
1
10
95
37
12
7
13
646
2
14
15
46
44
622
83
17
84
18
623
150
82
624
71
9
72
8
54
625
153
65
626
102
154
627
628
647
177
158
108
172
68
159
118
160
114
32
62
630
50
631
632
87
633
77
634
635
57
101
96
93
124
636
148
157
637
163
638
19
639
78
640
641
100
642
0
1
10
95
37
12
7
13
648
2
14
15
46
44
83
17
84
18
623
150
82
624
71
9
72
8
54
153
65
626
102
154
627
628
649
177
158
108
172
68
159
118
160
114
32
62
630
50
631
645
632
87
633
77
156
634
635
57
101
96
93
124
636
148
157
637
163
638
19
639
78
640
641
100
642
0
1
10
95
37
12
7
13
643
2
14
15
46
44
622
83
17
84
18
623
150
82
624
71
9
72
8
54
153
65
626
102
154
627
628
644
177
158
108
172
68
159
118
160
114
32
62
630
50
631
645
632
87
633
77
156
634
635
57
101
96
93
124
636
148
157
637
163
638
19
639
78
640
641
100
642
0
1
10
95
37
12
7
13
646
2
14
15
46
44
622
83
17
84
18
623
150
82
624
71
9
72
8
54
625
153
65
626
102
154
627
628
647
177
158
108
172
68
159
118
160
114
32
62
630
50
631
632
87
633
77
634
635
57
101
96
93
124
636
148
157
637
163
638
19
639
78
640
641
100
642
0
1
10
95
37
12
7
13
650
2
14
15
46
44
622
83
17
84
18
623
150
82
624
71
9
72
8
54
625
153
65
626
102
154
627
628
651
177
158
108
172
68
159
118
160
114
32
62
630
50
631
632
87
633
77
634
635
57
101
96
93
124
636
148
157
637
163
638
19
639
78
640
641
100
642
0
1
10
95
37
12
7
13
652
2
14
15
46
44
622
83
17
84
18
623
150
82
624
71
9
72
8
54
153
65
626
102
154
627
628
653
177
158
108
172
68
159
118
160
114
32
62
630
50
631
645
632
87
633
77
156
634
635
57
101
96
93
124
636
148
157
637
163
638
19
639
78
640
641
100
642
0
1
37
12
7
13
654
2
14
15
52
46
655
21
44
83
17
84
40
18
623
150
82
9
95
10
72
8
54
153
147
65
154
627
628
656
177
626
102
158
108
68
159
118
160
114
32
62
630
50
631
645
632
87
633
77
156
657
658
659
634
635
57
101
96
93
124
636
148
157
637
163
638
19
639
78
640
641
100
167
117
113
116
660
105
661
104
112
38
115
75
169
121
170
662
663
664
665
666
667
668
642
0
1
37
12
7
13
669
2
14
15
52
46
655
21
44
83
17
84
40
18
623
150
82
9
95
10
72
8
54
153
147
65
154
627
628
670
177
626
102
158
108
68
159
118
160
114
32
62
630
50
631
645
632
87
633
77
156
657
658
659
634
635
57
101
96
93
124
636
148
157
637
163
638
19
639
78
640
641
100
167
117
113
116
660
105
661
104
112
38
115
75
121
169
170
662
665
664
663
666
667
668
642
0
1
37
12
7
13
669
2
14
15
52
46
655
21
44
83
17
84
40
18
623
150
82
9
95
10
72
8
54
153
147
65
154
627
628
670
177
626
102
158
108
68
159
118
160
114
32
62
630
50
631
645
632
87
633
77
156
657
658
659
634
635
57
101
96
93
124
636
148
157
637
163
638
19
639
78
640
641
100
167
117
113
116
660
105
661
104
112
38
115
75
121
169
170
662
665
664
663
666
667
668
642
0
1
37
12
7
13
669
2
14
15
52
46
655
21
44
83
17
84
40
18
623
150
82
9
95
10
72
8
54
153
147
65
154
627
628
670
177
626
102
158
108
68
159
118
160
114
32
62
630
50
631
645
632
87
633
77
156
657
658
659
634
635
57
101
96
93
124
636
148
157
637
163
638
19
639
78
640
641
100
167
117
113
116
660
105
661
104
112
38
115
75
121
169
170
662
665
664
663
666
667
668
642
0
1
37
12
7
13
671
2
14
15
52
46
655
21
44
83
17
84
40
18
623
150
82
9
95
10
72
8
54
153
147
65
154
627
628
672
177
626
102
158
108
68
159
118
160
114
32
62
630
50
631
645
632
87
633
77
156
657
658
659
634
635
57
101
96
93
124
636
148
157
637
163
638
19
639
78
640
641
100
167
117
113
116
660
105
661
104
112
38
115
75
169
121
170
665
662
663
664
668
666
667
642
0
1
37
12
7
13
673
2
14
15
52
46
655
21
44
83
17
84
40
18
623
150
82
9
95
10
72
8
54
153
147
65
154
627
628
674
177
626
102
158
108
68
159
118
160
114
32
62
630
50
631
645
632
87
633
77
156
657
658
659
634
635
57
101
96
93
124
636
148
157
637
163
638
19
639
78
640
641
100
167
117
113
116
660
105
661
104
112
38
115
75
169
121
170
663
664
665
662
668
667
666
642
0
1
37
12
7
13
669
2
14
15
52
46
655
21
44
83
17
84
40
18
623
150
82
9
95
10
72
8
54
153
147
65
154
627
628
670
177
626
102
158
108
68
159
118
160
114
32
62
630
50
631
645
632
87
633
77
156
657
658
659
634
635
57
101
96
93
124
636
148
157
637
163
638
19
639
78
640
641
100
167
117
113
116
660
105
661
104
112
38
115
75
121
169
170
662
665
664
663
666
667
668
642
0
1
37
12
7
13
675
2
14
15
52
46
655
21
44
83
17
84
40
18
623
150
82
9
95
10
72
8
54
153
147
65
154
627
628
676
177
626
102
158
108
68
159
118
160
114
32
62
630
50
631
645
632
87
633
77
156
657
658
659
634
635
57
101
96
93
124
636
148
157
637
163
638
19
639
78
640
641
100
167
117
113
116
660
105
661
104
112
38
115
75
169
121
170
663
664
662
665
666
667
668
642
0
1
2
6
7
8
15
0
1
34
6
7
8
15
0
1
34
6
7
8
15
0
1
42
6
7
8
15
0
1
2
6
7
8
15
0
1
34
6
7
8
15
0
1
42
6
7
8
15
0
1
2
6
7
8
15
0
1
42
6
7
76
15
0
1
34
6
7
8
15
0
1
34
6
7
8
15
0
1
677
2
14
65
302
42
15
7
33
0
1
677
2
14
65
302
42
15
7
33
0
1
678
2
14
65
302
42
15
7
0
1
679
2
14
65
302
42
15
7
9
33
0
1
680
2
14
65
302
42
15
7
681
0
1
682
2
14
65
302
42
15
7
0
1
683
2
14
65
302
42
15
7
11
681
0
1
677
2
14
65
302
42
15
7
33
0
1
684
2
14
65
302
42
15
7
33
0
1
679
2
14
65
302
42
15
7
9
33
0
1
680
2
14
65
302
42
15
7
681
0
1
685
2
14
65
302
42
15
7
686
18
82
33
0
1
687
2
14
65
302
42
15
7
18
0
1
682
2
14
65
302
42
15
7
0
1
688
2
14
65
302
42
15
7
9
10
0
1
683
2
14
65
302
42
15
7
11
681
0
1
684
2
14
65
302
42
15
7
33
0
1
679
2
14
65
302
42
15
7
9
33
0
1
678
2
14
65
302
42
15
7
0
1
682
2
14
65
302
42
15
7
0
1
2
5
6
7
17
66
44
689
690
0
1
2
5
6
7
17
66
44
689
690
0
1
2
5
6
7
17
66
44
689
690
0
1
2
5
6
7
17
66
44
689
690
0
1
2
5
6
7
17
66
44
689
690
0
1
39
18
44
14
32
46
268
302
691
42
154
2
34
641
191
101
87
0
1
39
18
44
14
32
46
268
302
691
42
9
154
101
2
34
641
87
692
693
11
40
153
82
17
666
43
47
21
623
125
0
1
44
15
7
694
154
87
120
0
1
44
15
7
154
694
150
120
0
1
44
15
7
154
694
150
120
0
1
44
15
7
694
154
120
0
1
44
15
7
39
0
1
44
15
7
39
0
1
44
15
7
39
0
1
44
15
7
39
0
1
44
15
7
39
0
1
44
15
7
39
0
1
44
15
7
39
0
1
44
15
7
39
0
1
44
15
7
39
0
1
44
15
7
39
0
1
44
15
7
39
0
1
44
15
7
39
0
1
44
15
7
39
0
1
44
15
7
39
0
1
44
15
7
39
0
1
44
15
7
39
0
1
44
15
7
39
0
1
44
15
7
39
0
1
44
15
7
39
0
1
44
15
7
39
0
1
44
15
7
39
0
1
37
11
9
10
695
93
696
697
698
17
44
0
1
11
9
10
72
695
93
699
697
698
37
17
44
0
1
11
9
10
695
93
696
697
698
37
17
44
0
1
11
9
10
72
695
93
699
697
698
37
17
44
0
1
37
11
9
10
695
93
696
697
698
17
44
0
1
11
9
10
72
695
93
699
697
698
37
17
44
0
1
11
9
10
72
695
93
699
697
698
37
17
44
0
1
37
11
9
10
695
93
696
697
698
17
44
0
1
37
11
9
10
695
93
696
697
698
17
44
0
1
11
9
10
72
695
93
699
697
698
37
17
44
0
1
8
15
7
32
76
700
6
0
1
8
15
7
32
76
700
6
0
1
701
82
2
12
7
13
15
9
11
10
8
150
21
41
19
702
17
20
16
191
703
704
24
0
1
701
82
2
12
7
13
15
9
11
10
8
150
21
41
19
702
17
20
16
191
703
704
24
0
1
701
82
2
12
7
13
15
9
11
10
8
150
21
41
19
702
17
20
16
191
703
704
24
0
1
701
82
2
12
7
13
15
9
11
10
8
150
21
41
19
20
16
191
703
704
17
24
0
1
701
82
2
12
7
13
15
9
11
10
8
150
21
41
19
702
17
20
16
191
703
704
24
0
1
701
82
2
12
7
13
15
9
11
10
8
150
21
41
19
20
16
191
703
704
17
24
0
1
15
7
2
8
32
603
71
18
705
10
95
706
44
53
707
708
709
710
711
62
712
630
713
191
714
715
716
717
0
1
11
658
718
65
719
30
0
1
32
52
18
17
54
147
720
721
124
0
1
10
71
722
37
57
101
723
0
1
724
9
725
4
32
156
84
726
302
727
44
0
1
728
729
264
730
76
6
7
0
1
10
731
4
732
733
42
14
734
15
7
52
